0 0
1 1
2 1
3 1
4 1
5 1
6 0
7 0
8 1
9 1
10 0
11 0
12 1
13 0
14 0
15 1
16 1
17 1
18 0
19 0
20 1
21 0
22 1
23 1
24 1
25 0
26 1
27 1
28 0
29 0
30 1
31 1
32 0
33 1
34 0
35 1
36 1
37 0
38 1
39 1
40 1
41 1
42 0
43 0
44 0
45 1
46 1
47 0
48 0
49 0
50 0
51 1
52 1
53 0
54 1
55 0
56 0
57 0
58 0
59 0
60 1
61 1
62 0
63 1
64 0
65 0
66 1
67 0
68 1
69 1
70 0
71 1
72 1
73 1
74 0
75 0
76 0
77 1
78 1
79 0
80 0
81 0
82 0
83 1
84 0
85 0
86 0
87 1
88 0
89 0
90 1
91 0
92 0
93 1
94 1
95 1
96 0
97 0
98 1
99 1
100 0
101 1
102 0
103 0
104 1
105 1
106 1
107 0
108 1
109 1
110 1
111 1
112 1
113 1
114 0
115 0
116 0
117 1
118 0
119 1
120 0
121 0
122 0
123 0
124 1
125 0
126 1
127 1
128 1
129 1
130 0
131 0
132 1
133 1
134 1
135 0
136 0
137 1
138 1
139 1
140 0
141 1
142 1
143 1
144 0
145 1
146 1
147 1
148 1
149 1
150 0
151 1
152 0
153 1
154 1
155 0
156 1
157 1
158 0
159 1
160 0
161 1
162 0
163 1
164 1
165 1
166 1
167 0
168 0
169 1
170 1
171 0
172 0
173 0
174 0
175 1
176 0
177 1
178 1
179 1
180 1
181 0
182 0
183 1
184 0
185 1
186 1
187 1
188 1
189 0
190 1
191 0
192 1
193 1
194 0
195 1
196 1
197 1
198 1
199 1
200 1
201 0
202 1
203 1
204 1
205 0
206 0
207 0
208 1
209 1
210 1
211 0
212 0
213 0
214 1
215 1
216 1
217 1
218 0
219 1
220 0
221 1
222 1
223 1
224 1
225 0
226 1
227 1
228 1
229 1
230 1
231 0
232 1
233 0
234 1
235 1
236 1
237 1
238 0
239 0
240 0
241 0
242 0
243 0
244 0
245 1
246 1
247 1
248 0
249 1
250 0
251 0
252 0
253 1
254 1
255 1
256 0
257 0
258 0
259 1
260 0
261 0
262 0
263 1
264 1
265 1
266 1
267 1
268 0
269 1
270 0
271 1
272 1
273 1
274 1
275 1
276 0
277 1
278 0
279 0
280 1
281 1
282 0
283 0
284 0
285 0
286 0
287 0
288 0
289 0
290 0
291 1
292 1
293 1
294 0
295 0
296 0
297 1
298 0
299 1
300 0
301 1
302 1
303 1
304 0
305 0
306 0
307 1
308 0
309 0
310 1
311 0
312 1
313 0
314 0
315 1
316 1
317 1
318 0
319 1
320 1
321 1
322 1
323 0
324 1
325 1
326 1
327 1
328 0
329 1
330 0
331 0
332 0
333 1
334 0
335 1
336 1
337 0
338 1
339 1
340 1
341 1
342 1
343 0
344 1
345 0
346 1
347 1
348 1
349 0
350 0
351 1
352 0
353 0
354 1
355 1
356 1
357 1
358 0
359 1
360 0
361 0
362 1
363 0
364 1
365 0
366 0
367 0
368 0
369 0
370 0
371 1
372 1
373 1
374 0
375 0
376 1
377 0
378 0
379 0
380 0
381 0
382 0
383 0
384 0
385 1
386 0
387 1
388 0
389 1
390 1
391 0
392 1
393 1
394 1
395 0
396 0
397 0
398 1
399 1
400 1
401 0
402 1
403 0
404 0
405 1
406 0
407 1
408 0
409 1
410 0
411 0
412 0
413 0
414 0
415 1
416 1
417 0
418 0
419 1
420 0
421 0
422 1
423 0
424 0
425 0
426 0
427 0
428 1
429 0
430 1
431 0
432 0
433 0
434 1
435 0
436 1
437 1
438 0
439 1
440 1
441 0
442 1
443 1
444 0
445 0
446 0
447 1
448 0
449 1
450 0
451 0
452 0
453 1
454 0
455 0
456 0
457 1
458 1
459 1
460 1
461 0
462 1
463 0
464 1
465 0
466 1
467 1
468 1
469 0
470 0
471 0
472 1
473 1
474 0
475 1
476 1
477 1
478 1
479 1
480 0
481 1
482 1
483 0
484 1
485 1
486 0
487 1
488 0
489 0
490 0
491 1
492 0
493 1
494 1
495 1
496 0
497 0
498 1
499 1
500 0
501 0
502 0
503 0
504 0
505 0
506 0
507 1
508 0
509 0
510 1
511 0
512 1
513 0
514 0
515 0
516 0
517 0
518 0
519 1
520 0
521 1
522 1
523 0
524 0
525 1
526 1
527 0
528 1
529 1
530 1
531 1
532 1
533 1
534 1
535 0
536 1
537 1
538 0
539 1
540 1
541 0
542 0
543 1
544 0
545 0
546 0
547 1
548 0
549 0
550 1
551 0
552 1
553 1
554 0
555 0
556 1
557 0
558 0
559 0
560 0
561 0
562 1
563 0
564 1
565 0
566 0
567 1
568 0
569 0
570 0
571 1
572 0
573 0
574 0
575 1
576 1
577 1
578 0
579 0
580 1
581 0
582 1
583 1
584 1
585 1
586 0
587 0
588 1
589 1
590 0
591 0
592 0
593 1
594 1
595 0
596 1
597 1
598 0
599 0
600 0
601 1
602 0
603 1
604 1
605 1
606 0
607 0
608 0
609 0
610 1
611 1
612 1
613 0
614 0
615 0
616 0
617 0
618 1
619 0
620 0
621 0
622 0
623 1
624 0
625 1
626 0
627 1
628 0
629 1
630 1
631 1
632 1
633 1
634 0
635 0
636 1
637 0
638 1
639 0
640 1
641 0
642 1
643 0
644 1
645 1
646 1
647 1
648 1
649 1
650 0
651 1
652 0
653 1
654 0
655 0
656 1
657 1
658 0
659 1
660 1
661 1
662 0
663 0
664 1
665 1
666 1
667 1
668 1
669 1
670 0
671 0
672 1
673 1
674 1
675 0
676 1
677 0
678 1
679 1
680 1
681 0
682 0
683 0
684 1
685 1
686 0
687 0
688 0
689 1
690 1
691 0
692 1
693 1
694 0
695 1
696 0
697 0
698 1
699 1
700 0
701 0
702 0
703 0
704 0
705 1
706 0
707 0
708 1
709 0
710 1
711 0
712 0
713 0
714 1
715 1
716 1
717 0
718 1
719 1
720 1
721 0
722 1
723 1
724 0
725 0
726 1
727 1
728 0
729 0
730 1
731 0
732 1
733 1
734 0
735 1
736 0
737 0
738 0
739 1
740 0
741 0
742 1
743 0
744 1
745 1
746 0
747 0
748 0
749 1
750 1
751 0
752 0
753 1
754 1
755 1
756 0
757 0
758 0
759 0
760 0
761 0
762 0
763 1
764 0
765 1
766 0
767 0
768 0
769 1
770 1
771 0
772 1
773 1
774 1
775 0
776 1
777 0
778 0
779 1
780 1
781 0
782 0
783 1
784 0
785 1
786 1
787 0
788 1
789 1
790 1
791 1
792 0
793 1
794 1
795 0
796 0
797 1
798 1
799 0
800 1
801 1
802 0
803 0
804 0
805 1
806 1
807 0
808 0
809 0
810 1
811 0
812 0
813 0
814 0
815 1
816 0
817 0
818 1
819 0
820 0
821 0
822 0
823 1
824 1
825 1
826 1
827 1
828 1
829 0
830 1
831 0
832 0
833 1
834 0
835 0
836 1
837 0
838 0
839 1
840 1
841 1
842 1
843 0
844 1
845 0
846 1
847 0
848 1
849 1
850 0
851 1
852 0
853 1
854 0
855 1
856 1
857 0
858 0
859 0
860 0
861 0
862 0
863 0
864 0
865 0
866 1
867 1
868 0
869 1
870 1
871 1
872 0
873 0
874 1
875 1
876 1
877 0
878 0
879 1
880 1
881 0
882 0
883 0
884 1
885 1
886 1
887 1
888 1
889 1
890 1
891 0
892 1
893 1
894 1
895 0
896 1
897 0
898 0
899 1
900 0
901 0
902 0
903 1
904 0
905 0
906 0
907 1
908 0
909 0
910 0
911 1
912 1
913 0
914 0
915 1
916 0
917 0
918 1
919 0
920 1
921 1
922 1
923 1
924 0
925 1
926 0
927 0
928 1
929 0
930 0
931 1
932 0
933 0
934 0
935 1
936 1
937 0
938 1
939 1
940 0
941 0
942 0
943 1
944 1
945 0
946 1
947 1
948 1
949 0
950 0
951 1
952 1
953 1
954 1
955 1
956 1
957 0
958 1
959 1
960 1
961 1
962 1
963 0
964 1
965 0
966 1
967 1
968 0
969 0
970 0
971 0
972 0
973 0
974 1
975 0
976 0
977 1
978 1
979 0
980 1
981 0
982 1
983 1
984 1
985 1
986 0
987 0
988 0
989 0
990 1
991 1
992 0
993 1
994 0
995 0
996 0
997 0
998 0
999 1
1000 1
1001 0
1002 0
1003 0
1004 1
1005 0
1006 0
1007 0
1008 0
1009 0
1010 0
1011 0
1012 0
1013 0
1014 0
1015 1
1016 1
1017 0
1018 0
1019 0
1020 1
1021 1
1022 0
1023 1
1024 0
1025 1
1026 1
1027 0
1028 0
1029 0
1030 1
1031 1
1032 1
1033 0
1034 1
1035 0
1036 1
1037 1
1038 0
1039 1
1040 0
1041 0
1042 1
1043 1
1044 1
1045 0
1046 1
1047 1
1048 1
1049 0
1050 1
1051 0
1052 0
1053 0
1054 0
1055 0
1056 0
1057 1
1058 0
1059 1
1060 0
1061 1
1062 1
1063 0
1064 0
1065 1
1066 0
1067 1
1068 0
1069 0
1070 0
1071 1
1072 0
1073 0
1074 0
1075 1
1076 0
1077 0
1078 1
1079 1
1080 1
1081 1
1082 1
1083 1
1084 1
1085 1
1086 0
1087 0
1088 1
1089 0
1090 0
1091 0
1092 1
1093 0
1094 0
1095 1
1096 0
1097 1
1098 0
1099 0
1100 1
1101 0
1102 0
1103 1
1104 0
1105 0
1106 1
1107 0
1108 1
1109 0
1110 0
1111 0
1112 1
1113 0
1114 1
1115 0
1116 1
1117 0
1118 0
1119 1
1120 0
1121 1
1122 1
1123 0
1124 1
1125 1
1126 0
1127 0
1128 0
1129 0
1130 1
1131 1
1132 1
1133 1
1134 0
1135 0
1136 1
1137 0
1138 1
1139 0
1140 0
1141 0
1142 0
1143 0
1144 0
1145 0
1146 0
1147 1
1148 1
1149 0
1150 0
1151 1
1152 1
1153 0
1154 1
1155 0
1156 0
1157 1
1158 1
1159 0
1160 1
1161 0
1162 1
1163 0
1164 0
1165 1
1166 1
1167 1
1168 0
1169 1
1170 0
1171 0
1172 1
1173 0
1174 0
1175 0
1176 1
1177 0
1178 0
1179 1
1180 1
1181 1
1182 0
1183 1
1184 0
1185 1
1186 1
1187 1
1188 1
1189 0
1190 1
1191 1
1192 1
1193 1
1194 0
1195 1
1196 1
1197 1
1198 0
1199 1
1200 0
1201 0
1202 0
1203 0
1204 0
1205 0
1206 1
1207 0
1208 0
1209 0
1210 1
1211 1
1212 0
1213 1
1214 0
1215 0
1216 0
1217 0
1218 1
1219 1
1220 0
1221 0
1222 1
1223 1
1224 1
1225 0
1226 0
1227 1
1228 1
1229 1
1230 0
1231 1
1232 0
1233 0
1234 0
1235 0
1236 1
1237 0
1238 0
1239 0
1240 0
1241 0
1242 1
1243 0
1244 0
1245 0
1246 1
1247 1
1248 0
1249 1
1250 0
1251 1
1252 0
1253 1
1254 0
1255 0
1256 0
1257 1
1258 0
1259 0
1260 0
1261 1
1262 1
1263 0
1264 0
1265 1
1266 0
1267 0
1268 1
1269 1
1270 1
1271 0
1272 1
1273 1
1274 0
1275 0
1276 0
1277 1
1278 1
1279 1
1280 1
1281 0
1282 1
1283 0
1284 0
1285 0
1286 0
1287 1
1288 0
1289 0
1290 0
1291 0
1292 1
1293 1
1294 1
1295 0
1296 0
1297 0
1298 1
1299 1
1300 1
1301 1
1302 1
1303 1
1304 0
1305 1
1306 0
1307 0
1308 0
1309 1
1310 0
1311 0
1312 1
1313 1
1314 1
1315 1
1316 1
1317 0
1318 1
1319 0
1320 1
1321 0
1322 1
1323 1
1324 1
1325 1
1326 1
1327 0
1328 0
1329 1
1330 1
1331 1
1332 0
1333 1
1334 0
1335 0
1336 1
1337 1
1338 0
1339 1
1340 0
1341 1
1342 1
1343 0
1344 1
1345 0
1346 0
1347 0
1348 0
1349 0
1350 0
1351 1
1352 0
1353 0
1354 1
1355 0
1356 1
1357 1
1358 1
1359 0
1360 0
1361 1
1362 1
1363 1
1364 1
1365 0
1366 0
1367 1
1368 1
1369 0
1370 1
1371 0
1372 0
1373 1
1374 1
1375 0
1376 1
1377 1
1378 1
1379 0
1380 1
1381 1
1382 0
1383 0
1384 1
1385 0
1386 1
1387 0
1388 1
1389 0
1390 0
1391 1
1392 1
1393 0
1394 1
1395 0
1396 0
1397 0
1398 1
1399 1
1400 0
1401 0
1402 0
1403 1
1404 1
1405 1
1406 0
1407 0
1408 0
1409 0
1410 1
1411 0
1412 0
1413 1
1414 1
1415 0
1416 0
1417 1
1418 0
1419 1
1420 0
1421 1
1422 0
1423 1
1424 1
1425 1
1426 0
1427 0
1428 0
1429 0
1430 0
1431 0
1432 1
1433 1
1434 1
1435 1
1436 0
1437 0
1438 0
1439 0
1440 0
1441 0
1442 1
1443 0
1444 0
1445 1
1446 1
1447 1
1448 1
1449 1
1450 0
1451 1
1452 0
1453 0
1454 1
1455 1
1456 1
1457 1
1458 0
1459 0
1460 0
1461 1
1462 0
1463 1
1464 0
1465 0
1466 0
1467 0
1468 0
1469 1
1470 0
1471 1
1472 1
1473 1
1474 1
1475 0
1476 1
1477 0
1478 1
1479 1
1480 1
1481 0
1482 1
1483 1
1484 1
1485 1
1486 0
1487 1
1488 0
1489 1
1490 0
1491 0
1492 0
1493 1
1494 0
1495 1
1496 0
1497 1
1498 0
1499 0
1500 0
1501 0
1502 0
1503 1
1504 0
1505 0
1506 0
1507 1
1508 1
1509 0
1510 1
1511 0
1512 1
1513 0
1514 1
1515 0
1516 0
1517 0
1518 1
1519 0
1520 0
1521 1
1522 0
1523 1
1524 0
1525 1
1526 0
1527 1
1528 1
1529 1
1530 0
1531 1
1532 0
1533 1
1534 0
1535 0
1536 1
1537 0
1538 1
1539 1
1540 1
1541 0
1542 1
1543 1
1544 1
1545 0
1546 1
1547 0
1548 0
1549 0
1550 0
1551 0
1552 0
1553 1
1554 1
1555 1
1556 0
1557 0
1558 1
1559 0
1560 0
1561 1
1562 1
1563 0
1564 1
1565 0
1566 1
1567 0
1568 0
1569 0
1570 1
1571 1
1572 1
1573 0
1574 0
1575 1
1576 1
1577 0
1578 1
1579 0
1580 1
1581 1
1582 1
1583 1
1584 0
1585 1
1586 0
1587 0
1588 0
1589 1
1590 1
1591 1
1592 0
1593 1
1594 0
1595 1
1596 1
1597 1
1598 0
1599 0
1600 1
1601 0
1602 0
1603 1
1604 1
1605 0
1606 1
1607 0
1608 1
1609 1
1610 1
1611 0
1612 1
1613 1
1614 1
1615 1
1616 1
1617 0
1618 0
1619 1
1620 1
1621 1
1622 0
1623 1
1624 0
1625 0
1626 0
1627 0
1628 0
1629 0
1630 1
1631 0
1632 1
1633 0
1634 1
1635 1
1636 1
1637 1
1638 1
1639 0
1640 0
1641 0
1642 1
1643 1
1644 1
1645 1
1646 1
1647 1
1648 0
1649 0
1650 0
1651 1
1652 1
1653 1
1654 1
1655 1
1656 1
1657 1
1658 1
1659 1
1660 0
1661 0
1662 1
1663 0
1664 1
1665 1
1666 0
1667 0
1668 0
1669 1
1670 1
1671 1
1672 1
1673 0
1674 1
1675 0
1676 0
1677 1
1678 0
1679 1
1680 1
1681 1
1682 1
1683 1
1684 1
1685 0
1686 1
1687 0
1688 1
1689 1
1690 0
1691 0
1692 0
1693 0
1694 0
1695 1
1696 0
1697 1
1698 1
1699 1
1700 1
1701 0
1702 1
1703 0
1704 1
1705 1
1706 1
1707 0
1708 1
1709 0
1710 0
1711 1
1712 1
1713 0
1714 1
1715 1
1716 0
1717 0
1718 1
1719 1
1720 0
1721 0
1722 1
1723 1
1724 0
1725 1
1726 1
1727 1
1728 0
1729 1
1730 1
1731 0
1732 0
1733 1
1734 0
1735 1
1736 0
1737 1
1738 1
1739 0
1740 1
1741 1
1742 0
1743 1
1744 1
1745 1
1746 0
1747 1
1748 0
1749 0
1750 1
1751 0
1752 1
1753 1
1754 1
1755 1
1756 0
1757 0
1758 1
1759 0
1760 0
1761 0
1762 1
1763 0
1764 1
1765 1
1766 0
1767 1
1768 0
1769 1
1770 0
1771 1
1772 1
1773 0
1774 1
1775 0
1776 1
1777 1
1778 0
1779 1
1780 0
1781 0
1782 0
1783 1
1784 1
1785 1
1786 0
1787 1
1788 0
1789 1
1790 0
1791 1
1792 1
1793 0
1794 0
1795 1
1796 0
1797 1
1798 1
1799 0
1800 0
1801 1
1802 1
1803 1
1804 0
1805 1
1806 1
1807 1
1808 1
1809 1
1810 0
1811 0
1812 0
1813 0
1814 1
1815 1
1816 0
1817 1
1818 1
1819 0
1820 0
1821 1
1822 0
1823 0
1824 0
1825 0
1826 1
1827 0
1828 0
1829 0
1830 1
1831 1
1832 0
1833 0
1834 0
1835 1
1836 1
1837 0
1838 0
1839 1
1840 1
1841 0
1842 0
1843 0
1844 0
1845 1
1846 0
1847 1
1848 0
1849 1
1850 1
1851 1
1852 0
1853 1
1854 1
1855 1
1856 1
1857 1
1858 1
1859 0
1860 0
1861 1
1862 1
1863 0
1864 0
1865 1
1866 1
1867 0
1868 1
1869 1
1870 0
1871 1
1872 1
1873 1
1874 1
1875 0
1876 0
1877 1
1878 1
1879 0
1880 0
1881 1
1882 1
1883 0
1884 1
1885 0
1886 1
1887 0
1888 0
1889 1
1890 0
1891 0
1892 1
1893 1
1894 1
1895 1
1896 0
1897 0
1898 1
1899 1
1900 1
1901 0
1902 1
1903 1
1904 0
1905 0
1906 1
1907 1
1908 1
1909 1
1910 1
1911 1
1912 0
1913 1
1914 0
1915 0
1916 0
1917 0
1918 1
1919 0
1920 1
1921 0
1922 0
1923 0
1924 0
1925 0
1926 0
1927 1
1928 0
1929 1
1930 0
1931 1
1932 0
1933 1
1934 1
1935 0
1936 0
1937 1
1938 0
1939 0
1940 1
1941 0
1942 1
1943 0
1944 0
1945 1
1946 0
1947 0
1948 0
1949 0
1950 1
1951 1
1952 0
1953 1
1954 1
1955 0
1956 0
1957 0
1958 0
1959 0
1960 0
1961 0
1962 1
1963 1
1964 0
1965 1
1966 0
1967 0
1968 1
1969 0
1970 1
1971 1
1972 1
1973 0
1974 0
1975 0
1976 0
1977 0
1978 1
1979 0
1980 1
1981 1
1982 0
1983 1
1984 1
1985 1
1986 1
1987 0
1988 0
1989 0
1990 0
1991 1
1992 0
1993 1
1994 0
1995 1
1996 0
1997 1
1998 1
1999 0
2000 1
2001 1
2002 1
2003 0
2004 1
2005 0
2006 1
2007 1
2008 0
2009 0
2010 0
2011 1
2012 0
2013 0
2014 1
2015 1
2016 1
2017 1
2018 0
2019 0
2020 1
2021 0
2022 0
2023 0
2024 0
2025 1
2026 0
2027 0
2028 1
2029 0
2030 0
2031 1
2032 0
2033 0
2034 1
2035 0
2036 0
2037 1
2038 0
2039 1
2040 1
2041 1
2042 1
2043 1
2044 0
2045 1
2046 0
2047 0
2048 1
2049 0
2050 1
2051 1
2052 1
2053 0
2054 1
2055 1
2056 1
2057 0
2058 0
2059 0
2060 1
2061 0
2062 1
2063 1
2064 0
2065 0
2066 1
2067 1
2068 1
2069 0
2070 1
2071 0
2072 1
2073 1
2074 1
2075 0
2076 0
2077 0
2078 0
2079 0
2080 0
2081 0
2082 0
2083 1
2084 0
2085 1
2086 0
2087 0
2088 0
2089 0
2090 1
2091 0
2092 0
2093 1
2094 1
2095 0
2096 1
2097 0
2098 0
2099 1
2100 0
2101 0
2102 1
2103 0
2104 0
2105 1
2106 0
2107 1
2108 1
2109 0
2110 1
2111 0
2112 1
2113 0
2114 0
2115 1
2116 0
2117 1
2118 1
2119 1
2120 0
2121 0
2122 0
2123 0
2124 1
2125 1
2126 1
2127 0
2128 1
2129 0
2130 0
2131 1
2132 1
2133 0
2134 0
2135 1
2136 1
2137 1
2138 1
2139 0
2140 0
2141 1
2142 1
2143 0
2144 0
2145 0
2146 1
2147 1
2148 1
2149 1
2150 0
2151 1
2152 1
2153 0
2154 1
2155 0
2156 0
2157 1
2158 1
2159 0
2160 1
2161 1
2162 0
2163 1
2164 0
2165 1
2166 1
2167 1
2168 0
2169 1
2170 1
2171 0
2172 1
2173 0
2174 1
2175 0
2176 0
2177 0
2178 1
2179 0
2180 0
2181 1
2182 0
2183 0
2184 0
2185 1
2186 0
2187 0
2188 0
2189 1
2190 0
2191 1
2192 1
2193 1
2194 1
2195 0
2196 0
2197 0
2198 1
2199 1
2200 0
2201 1
2202 0
2203 1
2204 0
2205 1
2206 1
2207 0
2208 0
2209 0
2210 1
2211 0
2212 0
2213 0
2214 1
2215 0
2216 0
2217 1
2218 0
2219 0
2220 0
2221 1
2222 0
2223 0
2224 0
2225 0
2226 1
2227 1
2228 1
2229 1
2230 0
2231 1
2232 0
2233 1
2234 1
2235 1
2236 0
2237 1
2238 1
2239 0
2240 0
2241 1
2242 0
2243 1
2244 1
2245 1
2246 0
2247 0
2248 0
2249 1
2250 1
2251 0
2252 1
2253 1
2254 0
2255 1
2256 1
2257 1
2258 1
2259 1
2260 0
2261 0
2262 0
2263 1
2264 0
2265 0
2266 1
2267 1
2268 1
2269 0
2270 0
2271 0
2272 0
2273 0
2274 1
2275 1
2276 0
2277 0
2278 0
2279 0
2280 1
2281 0
2282 1
2283 0
2284 0
2285 0
2286 1
2287 0
2288 1
2289 1
2290 0
2291 0
2292 0
2293 1
2294 1
2295 0
2296 0
2297 0
2298 1
2299 0
2300 1
2301 1
2302 0
2303 1
2304 1
2305 1
2306 1
2307 0
2308 1
2309 0
2310 1
2311 1
2312 1
2313 0
2314 0
2315 1
2316 0
2317 1
2318 0
2319 1
2320 1
2321 1
2322 1
2323 1
2324 0
2325 1
2326 0
2327 1
2328 0
2329 0
2330 1
2331 1
2332 0
2333 0
2334 0
2335 1
2336 0
2337 1
2338 1
2339 1
2340 1
2341 0
2342 0
2343 0
2344 1
2345 0
2346 0
2347 0
2348 0
2349 0
2350 1
2351 0
2352 0
2353 1
2354 1
2355 1
2356 0
2357 0
2358 0
2359 0
2360 0
2361 1
2362 0
2363 0
2364 0
2365 0
2366 0
2367 1
2368 1
2369 0
2370 0
2371 0
2372 0
2373 1
2374 0
2375 1
2376 1
2377 0
2378 1
2379 1
2380 0
2381 0
2382 0
2383 1
2384 1
2385 0
2386 0
2387 1
2388 0
2389 1
2390 0
2391 0
2392 1
2393 1
2394 0
2395 1
2396 1
2397 1
2398 1
2399 1
2400 0
2401 1
2402 1
2403 1
2404 0
2405 0
2406 0
2407 1
2408 1
2409 0
2410 1
2411 0
2412 1
2413 1
2414 0
2415 1
2416 0
2417 0
2418 1
2419 0
2420 1
2421 1
2422 1
2423 0
2424 1
2425 0
2426 1
2427 1
2428 1
2429 1
2430 0
2431 0
2432 1
2433 0
2434 1
2435 0
2436 1
2437 1
2438 0
2439 1
2440 1
2441 1
2442 0
2443 1
2444 0
2445 0
2446 1
2447 0
2448 0
2449 1
2450 1
2451 1
2452 1
2453 0
2454 0
2455 0
2456 1
2457 1
2458 1
2459 1
2460 0
2461 0
2462 1
2463 0
2464 0
2465 1
2466 1
2467 0
2468 0
2469 0
2470 1
2471 0
2472 0
2473 0
2474 0
2475 1
2476 1
2477 1
2478 1
2479 0
2480 0
2481 0
2482 0
2483 0
2484 0
2485 0
2486 0
2487 0
2488 0
2489 1
2490 1
2491 1
2492 0
2493 0
2494 1
2495 0
2496 1
2497 1
2498 1
2499 0
2500 1
2501 0
2502 1
2503 0
2504 1
2505 1
2506 0
2507 1
2508 0
2509 1
2510 1
2511 0
2512 0
2513 1
2514 0
2515 0
2516 1
2517 1
2518 0
2519 0
2520 0
2521 0
2522 1
2523 1
2524 0
2525 0
2526 0
2527 0
2528 0
2529 0
2530 1
2531 0
2532 0
2533 0
2534 0
2535 0
2536 1
2537 1
2538 0
2539 1
2540 0
2541 0
2542 1
2543 1
2544 1
2545 0
2546 0
2547 0
2548 0
2549 0
2550 0
2551 1
2552 1
2553 0
2554 0
2555 1
2556 0
2557 1
2558 1
2559 1
2560 0
2561 0
2562 0
2563 0
2564 1
2565 1
2566 0
2567 0
2568 1
2569 1
2570 0
2571 1
2572 0
2573 1
2574 1
2575 1
2576 0
2577 0
2578 0
2579 0
2580 1
2581 1
2582 1
2583 1
2584 1
2585 1
2586 0
2587 1
2588 1
2589 0
2590 0
2591 0
2592 1
2593 1
2594 0
2595 0
2596 0
2597 1
2598 0
2599 1
2600 0
2601 1
2602 0
2603 0
2604 0
2605 0
2606 0
2607 1
2608 0
2609 1
2610 1
2611 1
2612 0
2613 1
2614 1
2615 0
2616 0
2617 0
2618 1
2619 0
2620 1
2621 0
2622 0
2623 0
2624 1
2625 0
2626 1
2627 0
2628 1
2629 1
2630 1
2631 1
2632 1
2633 1
2634 1
2635 1
2636 1
2637 0
2638 1
2639 1
2640 1
2641 1
2642 1
2643 1
2644 0
2645 1
2646 0
2647 0
2648 0
2649 0
2650 0
2651 0
2652 1
2653 0
2654 0
2655 0
2656 1
2657 0
2658 1
2659 1
2660 1
2661 1
2662 1
2663 0
2664 0
2665 0
2666 0
2667 0
2668 1
2669 1
2670 1
2671 1
2672 0
2673 0
2674 0
2675 0
2676 0
2677 0
2678 1
2679 0
2680 0
2681 1
2682 1
2683 1
2684 1
2685 1
2686 1
2687 1
2688 0
2689 0
2690 1
2691 0
2692 1
2693 1
2694 0
2695 1
2696 1
2697 1
2698 0
2699 1
2700 0
2701 0
2702 0
2703 1
2704 1
2705 1
2706 0
2707 1
2708 0
2709 0
2710 0
2711 1
2712 1
2713 1
2714 1
2715 1
2716 0
2717 0
2718 1
2719 1
2720 1
2721 1
2722 1
2723 0
2724 1
2725 1
2726 1
2727 0
2728 1
2729 1
2730 0
2731 1
2732 1
2733 0
2734 1
2735 1
2736 0
2737 1
2738 0
2739 0
2740 1
2741 1
2742 0
2743 0
2744 0
2745 0
2746 0
2747 1
2748 0
2749 0
2750 1
2751 0
2752 0
2753 0
2754 0
2755 1
2756 1
2757 0
2758 1
2759 0
2760 0
2761 1
2762 1
2763 1
2764 1
2765 1
2766 0
2767 0
2768 1
2769 0
2770 0
2771 1
2772 0
2773 0
2774 1
2775 0
2776 1
2777 1
2778 0
2779 1
2780 1
2781 0
2782 1
2783 0
2784 1
2785 1
2786 0
2787 1
2788 0
2789 1
2790 0
2791 1
2792 1
2793 1
2794 0
2795 0
2796 1
2797 1
2798 1
2799 0
2800 0
2801 0
2802 0
2803 0
2804 0
2805 0
2806 1
2807 0
2808 1
2809 1
2810 0
2811 1
2812 0
2813 1
2814 0
2815 0
2816 0
2817 0
2818 0
2819 0
2820 0
2821 0
2822 0
2823 0
2824 1
2825 0
2826 0
2827 0
2828 0
2829 0
2830 0
2831 1
2832 0
2833 0
2834 1
2835 0
2836 1
2837 0
2838 0
2839 1
2840 0
2841 1
2842 0
2843 0
2844 0
2845 1
2846 0
2847 0
2848 1
2849 1
2850 1
2851 1
2852 1
2853 0
2854 0
2855 1
2856 1
2857 1
2858 0
2859 1
2860 1
2861 1
2862 0
2863 1
2864 0
2865 0
2866 1
2867 0
2868 1
2869 1
2870 0
2871 1
2872 1
2873 1
2874 0
2875 1
2876 0
2877 1
2878 0
2879 1
2880 1
2881 0
2882 1
2883 1
2884 1
2885 1
2886 1
2887 0
2888 0
2889 0
2890 0
2891 0
2892 1
2893 1
2894 1
2895 1
2896 0
2897 0
2898 0
2899 0
2900 0
2901 0
2902 0
2903 0
2904 0
2905 0
2906 1
2907 0
2908 0
2909 1
2910 0
2911 1
2912 1
2913 1
2914 1
2915 0
2916 1
2917 1
2918 1
2919 1
2920 1
2921 0
2922 0
2923 0
2924 0
2925 0
2926 0
2927 1
2928 0
2929 1
2930 0
2931 0
2932 0
2933 1
2934 0
2935 0
2936 1
2937 0
2938 1
2939 0
2940 1
2941 0
2942 1
2943 1
2944 1
2945 0
2946 1
2947 1
2948 1
2949 0
2950 1
2951 1
2952 0
2953 0
2954 1
2955 1
2956 1
2957 1
2958 0
2959 1
2960 0
2961 0
2962 1
2963 1
2964 1
2965 0
2966 0
2967 0
2968 1
2969 1
2970 0
2971 0
2972 0
2973 1
2974 1
2975 1
2976 0
2977 1
2978 0
2979 1
2980 1
2981 1
2982 1
2983 1
2984 0
2985 1
2986 1
2987 1
2988 1
2989 0
2990 0
2991 0
2992 1
2993 0
2994 1
2995 1
2996 1
2997 1
2998 0
2999 0
3000 0
3001 1
3002 1
3003 0
3004 0
3005 0
3006 1
3007 0
3008 1
3009 1
3010 0
3011 0
3012 1
3013 1
3014 0
3015 1
3016 0
3017 1
3018 0
3019 1
3020 1
3021 1
3022 0
3023 0
3024 0
3025 1
3026 1
3027 1
3028 1
3029 1
3030 1
3031 1
3032 1
3033 0
3034 0
3035 0
3036 1
3037 1
3038 0
3039 0
3040 0
3041 1
3042 1
3043 1
3044 0
3045 0
3046 1
3047 0
3048 0
3049 1
3050 1
3051 1
3052 1
3053 0
3054 0
3055 1
3056 1
3057 1
3058 1
3059 1
3060 0
3061 1
3062 0
3063 1
3064 0
3065 0
3066 1
3067 1
3068 0
3069 1
3070 1
3071 1
3072 0
3073 0
3074 0
3075 1
3076 1
3077 0
3078 0
3079 0
3080 0
3081 0
3082 0
3083 1
3084 0
3085 1
3086 1
3087 0
3088 0
3089 1
3090 0
3091 0
3092 1
3093 0
3094 0
3095 0
3096 1
3097 0
3098 0
3099 1
3100 1
3101 1
3102 1
3103 1
3104 0
3105 0
3106 0
3107 1
3108 1
3109 1
3110 0
3111 1
3112 0
3113 0
3114 1
3115 1
3116 0
3117 0
3118 1
3119 0
3120 1
3121 0
3122 0
3123 0
3124 1
3125 0
3126 1
3127 1
3128 0
3129 0
3130 0
3131 1
3132 0
3133 1
3134 1
3135 1
3136 1
3137 0
3138 1
3139 0
3140 0
3141 0
3142 1
3143 0
3144 0
3145 1
3146 0
3147 0
3148 1
3149 1
3150 1
3151 1
3152 0
3153 0
3154 1
3155 0
3156 0
3157 0
3158 1
3159 0
3160 1
3161 1
3162 0
3163 0
3164 0
3165 0
3166 1
3167 1
3168 1
3169 1
3170 0
3171 0
3172 1
3173 0
3174 1
3175 0
3176 1
3177 0
3178 0
3179 0
3180 1
3181 1
3182 1
3183 0
3184 1
3185 1
3186 0
3187 0
3188 0
3189 0
3190 0
3191 1
3192 0
3193 0
3194 1
3195 1
3196 1
3197 1
3198 1
3199 0
3200 0
3201 0
3202 0
3203 1
3204 0
3205 0
3206 0
3207 1
3208 1
3209 1
3210 1
3211 0
3212 0
3213 0
3214 0
3215 0
3216 0
3217 1
3218 0
3219 1
3220 0
3221 1
3222 1
3223 0
3224 0
3225 0
3226 0
3227 1
3228 1
3229 1
3230 1
3231 1
3232 1
3233 0
3234 0
3235 1
3236 0
3237 0
3238 1
3239 0
3240 0
3241 0
3242 0
3243 0
3244 1
3245 0
3246 1
3247 0
3248 1
3249 0
3250 1
3251 1
3252 1
3253 1
3254 1
3255 1
3256 1
3257 1
3258 1
3259 1
3260 1
3261 1
3262 0
3263 0
3264 0
3265 0
3266 0
3267 0
3268 1
3269 1
3270 0
3271 1
3272 1
3273 1
3274 1
3275 0
3276 1
3277 1
3278 0
3279 1
3280 1
3281 0
3282 1
3283 1
3284 0
3285 0
3286 1
3287 0
3288 0
3289 0
3290 0
3291 1
3292 1
3293 1
3294 1
3295 0
3296 1
3297 0
3298 0
3299 0
3300 0
3301 0
3302 1
3303 0
3304 0
3305 1
3306 1
3307 0
3308 1
3309 1
3310 0
3311 1
3312 1
3313 0
3314 0
3315 0
3316 0
3317 0
3318 0
3319 0
3320 1
3321 1
3322 1
3323 0
3324 0
3325 1
3326 0
3327 0
3328 0
3329 0
3330 1
3331 0
3332 0
3333 1
3334 1
3335 0
3336 0
3337 1
3338 0
3339 0
3340 1
3341 0
3342 1
3343 0
3344 1
3345 1
3346 1
3347 0
3348 0
3349 0
3350 1
3351 1
3352 0
3353 1
3354 0
3355 1
3356 1
3357 0
3358 0
3359 1
3360 1
3361 0
3362 1
3363 1
3364 0
3365 1
3366 1
3367 0
3368 0
3369 1
3370 0
3371 0
3372 0
3373 0
3374 0
3375 1
3376 1
3377 0
3378 1
3379 0
3380 1
3381 1
3382 1
3383 1
3384 1
3385 0
3386 0
3387 0
3388 1
3389 0
3390 0
3391 0
3392 1
3393 1
3394 0
3395 1
3396 0
3397 0
3398 1
3399 0
3400 0
3401 0
3402 1
3403 0
3404 1
3405 1
3406 1
3407 0
3408 0
3409 0
3410 0
3411 1
3412 1
3413 0
3414 1
3415 0
3416 1
3417 1
3418 1
3419 0
3420 1
3421 1
3422 0
3423 1
3424 1
3425 0
3426 1
3427 1
3428 0
3429 0
3430 0
3431 1
3432 1
3433 1
3434 1
3435 0
3436 1
3437 0
3438 0
3439 1
3440 0
3441 0
3442 1
3443 0
3444 0
3445 1
3446 1
3447 0
3448 1
3449 0
3450 1
3451 0
3452 1
3453 0
3454 0
3455 0
3456 1
3457 0
3458 1
3459 0
3460 1
3461 1
3462 0
3463 1
3464 1
3465 1
3466 1
3467 0
3468 0
3469 0
3470 1
3471 0
3472 1
3473 1
3474 0
3475 1
3476 0
3477 1
3478 0
3479 1
3480 1
3481 0
3482 1
3483 1
3484 0
3485 1
3486 0
3487 1
3488 1
3489 0
3490 1
3491 0
3492 0
3493 1
3494 1
3495 0
3496 0
3497 1
3498 1
3499 1
3500 1
3501 1
3502 1
3503 0
3504 0
3505 1
3506 1
3507 1
3508 1
3509 0
3510 0
3511 1
3512 1
3513 1
3514 1
3515 0
3516 0
3517 0
3518 1
3519 1
3520 1
3521 0
3522 0
3523 1
3524 1
3525 1
3526 1
3527 1
3528 0
3529 0
3530 0
3531 0
3532 1
3533 0
3534 1
3535 0
3536 1
3537 1
3538 0
3539 0
3540 0
3541 1
3542 0
3543 1
3544 1
3545 1
3546 1
3547 1
3548 1
3549 0
3550 1
3551 0
3552 1
3553 1
3554 0
3555 1
3556 0
3557 0
3558 1
3559 0
3560 0
3561 1
3562 1
3563 0
3564 1
3565 1
3566 1
3567 1
3568 1
3569 0
3570 1
3571 1
3572 0
3573 0
3574 0
3575 1
3576 0
3577 0
3578 0
3579 0
3580 0
3581 0
3582 1
3583 1
3584 1
3585 0
3586 1
3587 1
3588 0
3589 1
3590 0
3591 0
3592 1
3593 0
3594 0
3595 1
3596 1
3597 0
3598 1
3599 0
3600 1
3601 1
3602 1
3603 1
3604 1
3605 1
3606 0
3607 1
3608 1
3609 1
3610 1
3611 0
3612 1
3613 1
3614 0
3615 0
3616 0
3617 0
3618 0
3619 0
3620 0
3621 0
3622 0
3623 0
3624 0
3625 0
3626 0
3627 0
3628 0
3629 0
3630 1
3631 1
3632 1
3633 0
3634 0
3635 1
3636 0
3637 0
3638 0
3639 1
3640 1
3641 0
3642 0
3643 0
3644 0
3645 1
3646 0
3647 0
3648 1
3649 0
3650 0
3651 1
3652 0
3653 0
3654 1
3655 0
3656 0
3657 0
3658 1
3659 1
3660 1
3661 0
3662 0
3663 1
3664 0
3665 0
3666 1
3667 1
3668 0
3669 1
3670 0
3671 1
3672 0
3673 1
3674 0
3675 0
3676 1
3677 0
3678 0
3679 1
3680 1
3681 1
3682 1
3683 1
3684 0
3685 1
3686 1
3687 0
3688 0
3689 0
3690 1
3691 1
3692 0
3693 0
3694 0
3695 0
3696 1
3697 1
3698 1
3699 1
3700 1
3701 1
3702 1
3703 1
3704 1
3705 1
3706 0
3707 0
3708 1
3709 1
3710 0
3711 1
3712 0
3713 0
3714 0
3715 0
3716 0
3717 0
3718 0
3719 0
3720 1
3721 1
3722 1
3723 1
3724 0
3725 1
3726 0
3727 0
3728 0
3729 0
3730 1
3731 1
3732 0
3733 0
3734 0
3735 0
3736 0
3737 1
3738 1
3739 1
3740 1
3741 0
3742 0
3743 1
3744 1
3745 0
3746 0
3747 0
3748 0
3749 1
3750 1
3751 1
3752 1
3753 1
3754 0
3755 1
3756 0
3757 1
3758 1
3759 0
3760 1
3761 0
3762 1
3763 0
3764 0
3765 0
3766 1
3767 1
3768 1
3769 1
3770 1
3771 1
3772 0
3773 1
3774 0
3775 1
3776 1
3777 1
3778 0
3779 1
3780 1
3781 0
3782 0
3783 0
3784 1
3785 0
3786 1
3787 0
3788 1
3789 0
3790 0
3791 0
3792 0
3793 0
3794 0
3795 0
3796 0
3797 1
3798 1
3799 1
3800 0
3801 1
3802 0
3803 1
3804 1
3805 0
3806 0
3807 0
3808 0
3809 1
3810 1
3811 1
3812 0
3813 0
3814 0
3815 0
3816 0
3817 0
3818 0
3819 1
3820 1
3821 0
3822 0
3823 0
3824 1
3825 1
3826 0
3827 0
3828 1
3829 1
3830 0
3831 0
3832 0
3833 1
3834 0
3835 0
3836 1
3837 1
3838 1
3839 0
3840 0
3841 1
3842 1
3843 1
3844 0
3845 0
3846 1
3847 0
3848 1
3849 1
3850 0
3851 1
3852 1
3853 0
3854 1
3855 0
3856 0
3857 0
3858 0
3859 0
3860 1
3861 1
3862 0
3863 1
3864 1
3865 1
3866 0
3867 0
3868 1
3869 0
3870 0
3871 1
3872 1
3873 0
3874 0
3875 1
3876 0
3877 0
3878 0
3879 1
3880 1
3881 0
3882 0
3883 0
3884 0
3885 1
3886 1
3887 0
3888 0
3889 1
3890 1
3891 0
3892 0
3893 1
3894 1
3895 0
3896 1
3897 1
3898 0
3899 0
3900 0
3901 1
3902 0
3903 0
3904 0
3905 1
3906 0
3907 0
3908 1
3909 0
3910 0
3911 0
3912 0
3913 0
3914 0
3915 0
3916 1
3917 1
3918 0
3919 1
3920 0
3921 0
3922 0
3923 0
3924 1
3925 1
3926 1
3927 1
3928 1
3929 1
3930 0
3931 1
3932 0
3933 1
3934 1
3935 1
3936 1
3937 1
3938 0
3939 0
3940 0
3941 1
3942 0
3943 1
3944 0
3945 0
3946 0
3947 0
3948 0
3949 1
3950 1
3951 0
3952 1
3953 1
3954 0
3955 0
3956 1
3957 0
3958 1
3959 0
3960 0
3961 1
3962 1
3963 0
3964 0
3965 1
3966 1
3967 0
3968 0
3969 0
3970 1
3971 0
3972 0
3973 0
3974 0
3975 0
3976 1
3977 1
3978 0
3979 0
3980 1
3981 1
3982 1
3983 0
3984 1
3985 1
3986 0
3987 0
3988 0
3989 0
3990 1
3991 0
3992 1
3993 0
3994 1
3995 1
3996 1
3997 0
3998 1
3999 0
4000 0
4001 1
4002 1
4003 0
4004 1
4005 1
4006 1
4007 1
4008 0
4009 0
4010 1
4011 0
4012 0
4013 1
4014 0
4015 0
4016 0
4017 0
4018 0
4019 0
4020 0
4021 1
4022 0
4023 0
4024 0
4025 0
4026 1
4027 0
4028 1
4029 0
4030 1
4031 0
4032 0
4033 0
4034 1
4035 0
4036 1
4037 1
4038 1
4039 1
4040 0
4041 1
4042 0
4043 1
4044 1
4045 0
4046 1
4047 0
4048 1
4049 1
4050 0
4051 1
4052 0
4053 1
4054 1
4055 1
4056 1
4057 0
4058 0
4059 0
4060 0
4061 0
4062 1
4063 0
4064 0
4065 1
4066 0
4067 1
4068 0
4069 0
4070 0
4071 0
4072 1
4073 0
4074 1
4075 1
4076 1
4077 1
4078 0
4079 1
4080 1
4081 1
4082 0
4083 1
4084 1
4085 0
4086 1
4087 0
4088 0
4089 1
4090 1
4091 1
4092 1
4093 0
4094 1
4095 0
4096 1
4097 1
4098 0
4099 1
4100 1
4101 0
4102 0
4103 0
4104 1
4105 0
4106 1
4107 1
4108 1
4109 1
4110 0
4111 1
4112 1
4113 1
4114 0
4115 0
4116 1
4117 1
4118 1
4119 1
4120 0
4121 1
4122 0
4123 0
4124 0
4125 0
4126 1
4127 0
4128 0
4129 1
4130 0
4131 0
4132 1
4133 0
4134 1
4135 1
4136 0
4137 0
4138 0
4139 1
4140 0
4141 1
4142 0
4143 1
4144 0
4145 0
4146 0
4147 0
4148 1
4149 1
4150 0
4151 0
4152 1
4153 0
4154 1
4155 1
4156 1
4157 1
