0 1
1 12
2 12
3 12
4 12
5 12
6 1
7 12
8 12
9 12
10 12
11 12
12 19
13 12
14 4
15 4
16 1
17 12
18 11
19 12
20 12
21 12
22 12
23 18
24 12
25 1
26 12
27 12
28 3
29 1
30 1
31 12
32 18
33 11
34 12
35 11
36 18
37 12
38 0
39 1
40 12
41 12
42 12
43 18
44 12
45 12
46 1
47 12
48 1
49 12
50 1
51 11
52 12
53 12
54 12
55 12
56 12
57 1
58 4
59 12
60 0
61 19
62 1
63 17
64 12
65 1
66 5
67 18
68 19
69 19
70 12
71 3
72 12
73 12
74 12
75 12
76 13
77 9
78 19
79 12
80 12
81 12
82 12
83 1
84 12
85 0
86 1
87 1
88 1
89 12
90 1
91 0
92 3
93 3
94 1
95 1
96 12
97 12
98 12
99 9
100 7
101 1
102 12
103 1
104 12
105 0
106 1
107 1
108 12
109 12
110 12
111 12
112 18
113 12
114 12
115 12
116 12
117 1
118 1
119 0
120 18
121 12
122 12
123 3
124 6
125 12
126 1
127 12
128 0
129 12
130 12
131 12
132 12
133 12
134 14
135 12
136 12
137 12
138 12
139 1
140 3
141 7
142 1
143 12
144 12
145 12
146 1
147 4
148 12
149 12
150 12
151 1
152 1
153 12
154 10
155 12
156 12
157 12
158 6
159 9
160 12
161 12
162 12
163 12
164 12
165 12
166 12
167 1
168 12
169 12
170 12
171 9
172 12
173 1
174 9
175 19
176 12
177 0
178 12
179 12
180 12
181 12
182 11
183 1
184 12
185 12
186 12
187 12
188 12
189 12
190 0
191 12
192 0
193 12
194 12
195 0
196 12
197 12
198 12
199 1
200 1
201 12
202 12
203 12
204 12
205 12
206 12
207 12
208 11
209 12
210 12
211 12
212 12
213 12
214 1
215 1
216 12
217 12
218 12
219 2
220 0
221 12
222 12
223 13
224 0
225 12
226 12
227 1
228 12
229 18
230 12
231 12
232 12
233 12
234 1
235 11
236 12
237 11
238 12
239 13
240 12
241 12
242 12
243 0
244 11
245 12
246 11
247 7
248 12
249 12
250 12
251 12
252 1
253 12
254 12
255 1
256 17
257 12
258 12
259 12
260 12
261 1
262 12
263 12
264 17
265 1
266 18
267 11
268 12
269 12
270 12
271 11
272 12
273 1
274 12
275 11
276 0
277 12
278 12
279 12
280 19
281 12
282 12
283 1
284 18
285 12
286 12
287 11
288 12
289 18
290 12
291 3
292 19
293 12
294 12
295 12
296 12
297 12
298 1
299 17
300 1
301 12
302 19
303 11
304 11
305 10
306 1
307 12
308 12
309 12
310 13
311 12
312 18
313 1
314 1
315 1
316 12
317 1
318 19
319 12
320 1
321 1
322 18
323 12
324 1
325 12
326 12
327 12
328 12
329 11
330 12
331 1
332 12
333 12
334 1
335 12
336 1
337 0
338 12
339 3
340 19
341 12
342 11
343 1
344 0
345 1
346 12
347 18
348 12
349 12
350 12
351 12
352 12
353 18
354 17
355 12
356 12
357 12
358 1
359 1
360 12
361 4
362 12
363 9
364 0
365 12
366 0
367 11
368 12
369 12
370 12
371 12
372 12
373 12
374 12
375 12
376 12
377 12
378 0
379 12
380 12
381 12
382 17
383 12
384 18
385 1
386 12
387 1
388 12
389 11
390 0
391 18
392 12
393 12
394 0
395 19
396 1
397 12
398 12
399 12
400 12
401 12
402 1
403 1
404 1
405 1
406 12
407 9
408 12
409 11
410 12
411 19
412 1
413 12
414 11
415 12
416 9
417 12
418 12
419 7
420 1
421 11
422 12
423 12
424 12
425 12
426 12
427 19
428 1
429 19
430 12
431 1
432 12
433 19
434 12
435 0
436 12
437 12
438 0
439 0
440 0
441 19
442 9
443 12
444 12
445 1
446 0
447 12
448 12
449 12
450 12
451 12
452 1
453 12
454 12
455 1
456 19
457 12
458 12
459 12
460 1
461 12
462 9
463 1
464 1
465 18
466 12
467 19
468 12
469 3
470 3
471 3
472 13
473 12
474 1
475 12
476 12
477 12
478 12
479 12
480 12
481 12
482 12
483 12
484 12
485 12
486 12
487 12
488 18
489 12
490 11
491 0
492 12
493 10
494 12
495 17
496 1
497 12
498 12
499 12
500 12
501 4
502 12
503 12
504 12
505 1
506 17
507 1
508 12
509 12
510 12
511 1
512 1
513 12
514 19
515 12
516 12
517 12
518 12
519 12
520 1
521 5
522 19
523 1
524 12
525 1
526 12
527 17
528 12
529 1
530 13
531 12
532 12
533 12
534 18
535 1
536 16
537 1
538 18
539 3
540 12
541 12
542 12
543 12
544 1
545 1
546 14
547 12
548 17
549 1
550 6
551 1
552 12
553 19
554 12
555 12
556 12
557 18
558 9
559 1
560 12
561 12
562 12
563 1
564 18
565 3
566 12
567 12
568 0
569 18
570 19
571 12
572 12
573 0
574 3
575 12
576 12
577 7
578 12
579 0
580 12
581 1
582 12
583 12
584 12
585 12
586 0
587 12
588 12
589 12
590 12
591 12
592 18
593 12
594 12
595 12
596 12
597 6
598 12
599 1
600 19
601 18
602 0
603 12
604 19
605 12
606 12
607 0
608 12
609 12
610 17
611 1
612 12
613 0
614 3
615 12
616 0
617 12
618 17
619 12
620 12
621 12
622 12
623 18
624 0
625 12
626 3
627 12
628 12
629 12
630 4
631 1
632 12
633 19
634 1
635 1
636 1
637 1
638 12
639 19
640 12
641 1
642 0
643 12
644 12
645 12
646 12
647 11
648 12
649 12
650 4
651 12
652 12
653 17
654 6
655 12
656 7
657 12
658 11
659 12
660 12
661 12
662 12
663 12
664 12
665 1
666 0
667 9
668 12
669 12
670 12
671 4
672 18
673 11
674 12
675 12
676 12
677 1
678 1
679 1
680 12
681 12
682 12
683 12
684 12
685 1
686 11
687 12
688 12
689 1
690 0
691 12
692 12
693 11
694 13
695 12
696 12
697 12
698 1
699 18
700 1
701 1
702 12
703 12
704 12
705 12
706 12
707 1
708 7
709 12
710 12
711 12
712 1
713 12
714 11
715 11
716 0
717 1
718 12
719 19
720 11
721 11
722 12
723 12
724 9
725 12
726 1
727 1
728 12
729 17
730 12
731 1
732 1
733 12
734 17
735 12
736 17
737 13
738 12
739 12
740 11
741 12
742 4
743 12
744 12
745 12
746 10
747 12
748 12
749 12
750 12
751 12
752 12
753 12
754 19
755 1
756 1
757 12
758 12
759 4
760 19
761 12
762 11
763 11
764 12
765 12
766 12
767 1
768 12
769 12
770 12
771 12
772 12
773 3
774 0
775 12
776 18
777 1
778 12
779 12
780 0
781 12
782 19
783 1
784 2
785 1
786 12
787 12
788 12
789 12
790 12
791 0
792 12
793 0
794 18
795 1
796 12
797 12
798 12
799 12
800 12
801 12
802 12
803 11
804 12
805 0
806 12
807 12
808 18
809 12
810 12
811 1
812 11
813 1
814 12
815 3
816 18
817 3
818 12
819 3
820 18
821 0
822 12
823 1
824 12
825 12
826 12
827 12
828 12
829 12
830 12
831 1
832 11
833 1
834 12
835 12
836 1
837 1
838 12
839 12
840 12
841 12
842 9
843 12
844 12
845 1
846 19
847 12
848 4
849 11
850 1
851 12
852 1
853 12
854 12
855 0
856 18
857 0
858 12
859 11
860 12
861 19
862 1
863 12
864 1
865 1
866 12
867 16
868 1
869 12
870 1
871 17
872 12
873 12
874 18
875 1
876 4
877 1
878 12
879 1
880 12
881 0
882 1
883 19
884 12
885 12
886 12
887 12
888 12
889 12
890 1
891 12
892 12
893 1
894 1
895 18
896 12
897 12
898 12
899 0
900 12
901 1
902 12
903 12
904 12
905 12
906 12
907 18
908 12
909 12
910 12
911 12
912 0
913 0
914 12
915 12
916 12
917 1
918 1
919 1
920 19
921 12
922 19
923 8
924 12
925 19
926 1
927 0
928 1
929 4
930 1
931 17
932 0
933 1
934 1
935 12
936 12
937 18
938 18
939 12
940 11
941 12
942 9
943 18
944 12
945 12
946 0
947 12
948 17
949 12
950 17
951 0
952 0
953 19
954 12
955 19
956 1
957 12
958 12
959 12
960 18
961 6
962 12
963 12
964 12
965 12
966 17
967 12
968 12
969 1
970 12
971 12
972 12
973 12
974 1
975 12
976 1
977 12
978 13
979 11
980 14
981 12
982 12
983 12
984 4
985 12
986 12
987 0
988 12
989 12
990 12
991 12
992 12
993 12
994 12
995 12
996 11
997 9
998 1
999 17
1000 12
1001 19
1002 17
1003 9
1004 0
1005 12
1006 12
1007 11
1008 12
1009 12
1010 12
1011 11
1012 12
1013 12
1014 1
1015 12
1016 12
1017 18
1018 12
1019 12
1020 0
1021 12
1022 5
1023 12
1024 18
1025 11
1026 11
1027 1
1028 12
1029 9
1030 1
1031 1
1032 12
1033 2
1034 1
1035 6
1036 12
1037 17
1038 12
1039 12
1040 12
1041 12
1042 19
1043 12
1044 12
1045 12
1046 12
1047 12
1048 11
1049 19
1050 0
1051 12
1052 12
1053 12
1054 12
1055 12
1056 12
1057 12
1058 9
1059 4
1060 12
1061 12
1062 1
1063 12
1064 3
1065 12
1066 13
1067 12
1068 12
1069 4
1070 12
1071 17
1072 12
1073 12
1074 1
1075 12
1076 11
1077 1
1078 1
1079 12
1080 12
1081 12
1082 12
1083 18
1084 0
1085 12
1086 12
1087 12
1088 12
1089 12
1090 0
1091 12
1092 19
1093 17
1094 18
1095 12
1096 10
1097 12
1098 12
1099 10
1100 1
1101 12
1102 12
1103 12
1104 1
1105 11
1106 12
1107 12
1108 1
1109 12
1110 18
1111 1
1112 12
1113 12
1114 1
1115 1
1116 18
1117 12
1118 12
1119 12
1120 13
1121 12
1122 12
1123 12
1124 19
1125 12
1126 12
1127 12
1128 1
1129 12
1130 12
1131 18
1132 1
1133 1
1134 12
1135 1
1136 12
1137 19
1138 12
1139 11
1140 12
1141 1
1142 1
1143 1
1144 1
1145 12
1146 18
1147 1
1148 12
1149 12
1150 19
1151 12
1152 12
1153 0
1154 12
1155 19
1156 13
1157 12
1158 12
1159 1
1160 1
1161 19
1162 1
1163 12
1164 12
1165 12
1166 12
1167 12
1168 1
1169 12
1170 12
1171 12
1172 12
1173 1
1174 12
1175 12
1176 1
1177 12
1178 6
1179 1
1180 2
1181 18
1182 12
1183 12
1184 1
1185 12
1186 1
1187 12
1188 12
1189 11
1190 1
1191 12
1192 18
1193 12
1194 0
1195 1
1196 12
1197 12
1198 12
1199 0
1200 1
1201 12
1202 12
1203 9
1204 12
1205 12
1206 1
1207 12
1208 12
1209 11
1210 1
1211 12
1212 12
1213 14
1214 12
1215 12
1216 12
1217 1
1218 18
1219 1
1220 12
1221 12
1222 18
1223 0
1224 12
1225 12
1226 0
1227 12
1228 12
1229 12
1230 13
1231 19
1232 12
1233 2
1234 12
1235 6
1236 19
1237 12
1238 19
1239 3
1240 19
1241 13
1242 13
1243 7
1244 12
1245 4
1246 12
1247 7
1248 12
1249 17
1250 12
1251 3
1252 12
1253 12
1254 12
1255 0
1256 12
1257 12
1258 12
1259 1
1260 0
1261 4
1262 3
1263 19
1264 3
1265 12
1266 12
1267 12
1268 6
1269 19
1270 1
1271 9
1272 12
1273 3
1274 12
1275 12
1276 0
1277 9
1278 12
1279 1
1280 12
1281 12
1282 5
1283 12
1284 0
1285 12
1286 12
1287 6
1288 1
1289 12
1290 1
1291 16
1292 12
1293 12
1294 11
1295 12
1296 12
1297 19
1298 1
1299 0
1300 12
1301 12
1302 12
1303 12
1304 3
1305 12
1306 12
1307 12
1308 12
1309 12
1310 1
1311 12
1312 12
1313 12
1314 12
1315 12
1316 12
1317 12
1318 12
1319 11
1320 12
1321 12
1322 12
1323 12
1324 12
1325 1
1326 11
1327 1
1328 12
1329 12
1330 12
1331 19
1332 12
1333 9
1334 0
1335 19
1336 19
1337 12
1338 11
1339 12
1340 12
1341 12
1342 1
1343 18
1344 17
1345 1
1346 1
1347 12
1348 12
1349 12
1350 12
1351 12
1352 12
1353 12
1354 12
1355 0
1356 19
1357 19
1358 12
1359 12
1360 12
1361 1
1362 12
1363 1
1364 12
1365 19
1366 12
1367 12
1368 9
1369 12
1370 12
1371 12
1372 12
1373 12
1374 17
1375 18
1376 18
1377 12
1378 1
1379 12
1380 12
1381 16
1382 11
1383 1
1384 3
1385 18
1386 12
1387 12
1388 12
1389 12
1390 1
1391 12
1392 18
1393 12
1394 18
1395 15
1396 11
1397 3
1398 7
1399 12
1400 1
1401 12
1402 12
1403 12
1404 12
1405 12
1406 12
1407 12
1408 12
1409 12
1410 18
1411 1
1412 12
1413 12
1414 12
1415 12
1416 12
1417 19
1418 12
1419 12
1420 12
1421 12
1422 1
1423 1
1424 12
1425 4
1426 12
1427 12
1428 0
1429 12
1430 12
1431 19
1432 12
1433 12
1434 13
1435 12
1436 18
1437 1
1438 12
1439 19
1440 1
1441 19
1442 1
1443 12
1444 0
1445 1
1446 1
1447 12
1448 12
1449 12
1450 12
1451 13
1452 12
1453 12
1454 12
1455 12
1456 12
1457 12
1458 19
1459 1
1460 1
1461 12
1462 12
1463 12
1464 12
1465 1
1466 18
1467 17
1468 12
1469 2
1470 12
1471 1
1472 4
1473 12
1474 1
1475 12
1476 19
1477 12
1478 6
1479 12
1480 13
1481 12
1482 19
1483 9
1484 1
1485 1
1486 12
1487 19
1488 12
1489 12
1490 12
1491 12
1492 12
1493 12
1494 11
1495 11
1496 12
1497 12
1498 12
1499 12
1500 0
1501 19
1502 12
1503 13
1504 19
1505 19
1506 14
1507 11
1508 4
1509 8
1510 12
1511 12
1512 12
1513 12
1514 12
1515 12
1516 12
1517 12
1518 12
1519 12
1520 19
1521 12
1522 11
1523 1
1524 1
1525 12
1526 12
1527 1
1528 19
1529 1
1530 2
1531 19
1532 12
1533 1
1534 11
1535 1
1536 12
1537 12
1538 12
1539 6
1540 1
1541 12
1542 12
1543 0
1544 12
1545 12
1546 12
1547 12
1548 12
1549 12
1550 12
1551 12
1552 12
1553 1
1554 12
1555 12
1556 12
1557 12
1558 12
1559 19
1560 12
1561 12
1562 12
1563 1
1564 18
1565 0
1566 12
1567 4
1568 19
1569 18
1570 12
1571 17
1572 8
1573 19
1574 12
1575 1
1576 12
1577 11
1578 18
1579 18
1580 2
1581 12
1582 12
1583 12
1584 12
1585 1
1586 12
1587 1
1588 1
1589 18
1590 12
1591 12
1592 19
1593 12
1594 12
1595 11
1596 3
1597 12
1598 9
1599 4
1600 2
1601 12
1602 18
1603 12
1604 12
1605 9
1606 0
1607 18
1608 12
1609 18
1610 2
1611 19
1612 12
1613 10
1614 12
1615 12
1616 18
1617 12
1618 0
1619 13
1620 12
1621 3
1622 0
1623 12
1624 12
1625 0
1626 1
1627 0
1628 12
1629 12
1630 11
1631 12
1632 13
1633 12
1634 19
1635 12
1636 0
1637 12
1638 12
1639 12
1640 12
1641 12
1642 12
1643 12
1644 0
1645 12
1646 12
1647 11
1648 11
1649 1
1650 3
1651 1
1652 12
1653 11
1654 18
1655 12
1656 0
1657 12
1658 0
1659 11
1660 12
1661 12
1662 12
1663 12
1664 1
1665 11
1666 3
1667 0
1668 12
1669 1
1670 19
1671 1
1672 3
1673 12
1674 12
1675 1
1676 11
1677 12
1678 11
1679 12
1680 12
1681 12
1682 12
1683 12
1684 12
1685 12
1686 1
1687 19
1688 12
1689 12
1690 12
1691 7
1692 9
1693 18
1694 12
1695 12
1696 12
1697 12
1698 12
1699 12
1700 12
1701 12
1702 1
1703 1
1704 18
1705 18
1706 1
1707 0
1708 19
1709 12
1710 12
1711 3
1712 3
1713 12
1714 12
1715 19
1716 12
1717 12
1718 12
1719 12
1720 12
1721 12
1722 0
1723 12
1724 17
1725 18
1726 13
1727 1
1728 12
1729 12
1730 1
1731 1
1732 12
1733 12
1734 12
1735 0
1736 11
1737 1
1738 12
1739 18
1740 12
1741 12
1742 12
1743 12
1744 1
1745 0
1746 2
1747 12
1748 12
1749 10
1750 12
1751 12
1752 12
1753 1
1754 12
1755 18
1756 12
1757 1
1758 1
1759 17
1760 12
1761 12
1762 12
1763 3
1764 12
1765 3
1766 12
1767 12
1768 12
1769 12
1770 12
1771 12
1772 4
1773 12
1774 11
1775 18
1776 11
1777 12
1778 12
1779 11
1780 19
1781 12
1782 1
1783 11
1784 11
1785 18
1786 12
1787 0
1788 11
1789 17
1790 18
1791 0
1792 2
1793 0
1794 12
1795 1
1796 12
1797 11
1798 12
1799 9
1800 12
1801 0
1802 12
1803 1
1804 11
1805 11
1806 12
1807 12
1808 19
1809 12
1810 12
1811 1
1812 1
1813 12
1814 12
1815 1
1816 12
1817 9
1818 9
1819 12
1820 1
1821 12
1822 12
1823 1
1824 1
1825 4
1826 12
1827 12
1828 12
1829 12
1830 0
1831 12
1832 12
1833 12
1834 12
1835 12
1836 12
1837 12
1838 12
1839 12
1840 1
1841 12
1842 1
1843 19
1844 17
1845 12
1846 1
1847 7
1848 11
1849 4
1850 12
1851 12
1852 1
1853 0
1854 1
1855 9
1856 12
1857 1
1858 17
1859 18
1860 1
1861 12
1862 12
1863 18
1864 12
1865 12
1866 12
1867 0
1868 1
1869 12
1870 1
1871 9
1872 11
1873 12
1874 0
1875 1
1876 10
1877 18
1878 18
1879 12
1880 11
1881 12
1882 12
1883 12
1884 12
1885 12
1886 12
1887 12
1888 1
1889 1
1890 12
1891 12
1892 12
1893 1
1894 1
1895 1
1896 1
1897 12
1898 12
1899 17
1900 12
1901 12
1902 11
1903 11
1904 3
1905 18
1906 1
1907 1
1908 11
1909 1
1910 3
1911 1
1912 12
1913 18
1914 12
1915 19
1916 0
1917 18
1918 3
1919 18
1920 1
1921 1
1922 12
1923 18
1924 12
1925 19
1926 12
1927 12
1928 12
1929 1
1930 12
1931 17
1932 1
1933 12
1934 12
1935 12
1936 12
1937 12
1938 12
1939 12
1940 12
1941 12
1942 12
1943 7
1944 12
1945 18
1946 12
1947 1
1948 1
1949 1
1950 12
1951 12
1952 12
1953 1
1954 11
1955 11
1956 12
1957 12
1958 1
1959 1
1960 1
1961 19
1962 0
1963 18
1964 12
1965 12
1966 1
1967 12
1968 11
1969 12
1970 12
1971 12
1972 6
1973 1
1974 19
1975 19
1976 0
1977 18
1978 19
1979 12
1980 18
1981 12
1982 18
1983 1
1984 12
1985 12
1986 12
1987 12
1988 0
1989 12
1990 3
1991 12
1992 2
1993 12
1994 11
1995 12
1996 12
1997 12
1998 12
1999 11
2000 19
2001 12
2002 0
2003 0
2004 12
2005 12
2006 12
2007 12
2008 12
2009 12
2010 1
2011 11
2012 12
2013 12
2014 5
2015 19
2016 12
2017 12
2018 12
2019 12
2020 1
2021 11
2022 12
2023 12
2024 12
2025 1
2026 1
2027 0
2028 12
2029 12
2030 1
2031 1
2032 12
2033 12
2034 1
2035 0
2036 12
2037 17
2038 1
2039 1
2040 1
2041 1
2042 12
2043 12
2044 10
2045 12
2046 0
2047 19
2048 12
2049 1
2050 12
2051 1
2052 12
2053 12
2054 12
2055 12
2056 12
2057 12
2058 12
2059 12
2060 19
2061 1
2062 14
2063 12
2064 12
2065 12
2066 12
2067 12
2068 12
2069 12
2070 12
2071 1
2072 1
2073 12
2074 6
2075 9
2076 1
2077 12
2078 12
2079 12
2080 12
2081 12
2082 1
2083 12
2084 12
2085 1
2086 12
2087 12
2088 9
2089 12
2090 17
2091 19
2092 12
2093 12
2094 11
2095 11
2096 11
2097 11
2098 12
2099 12
2100 11
2101 1
2102 12
2103 12
2104 18
2105 12
2106 1
2107 12
2108 12
2109 6
2110 1
2111 12
2112 0
2113 0
2114 12
2115 12
2116 12
2117 12
2118 12
2119 3
2120 12
2121 12
2122 12
2123 18
2124 12
2125 12
2126 12
2127 12
2128 0
2129 1
2130 12
2131 12
2132 1
2133 19
2134 12
2135 12
2136 1
2137 18
2138 12
2139 12
2140 12
2141 1
2142 12
2143 0
2144 3
2145 11
2146 9
2147 7
2148 12
2149 1
2150 12
2151 12
2152 0
2153 18
2154 0
2155 12
2156 18
2157 11
2158 12
2159 12
2160 12
2161 12
2162 12
2163 12
2164 12
2165 12
2166 12
2167 12
2168 12
2169 12
2170 17
2171 12
2172 1
2173 12
2174 12
2175 12
2176 10
2177 12
2178 11
2179 1
2180 1
2181 12
2182 18
2183 12
2184 0
2185 1
2186 12
2187 19
2188 11
2189 12
2190 12
2191 12
2192 4
2193 12
2194 12
2195 1
2196 12
2197 12
2198 12
2199 19
2200 0
2201 1
2202 1
2203 12
2204 12
2205 19
2206 12
2207 17
2208 12
2209 12
2210 19
2211 12
2212 12
2213 12
2214 17
2215 18
2216 19
2217 12
2218 19
2219 12
2220 9
2221 12
2222 12
2223 12
2224 11
2225 12
2226 12
2227 12
2228 12
2229 1
2230 12
2231 11
2232 1
2233 12
2234 12
2235 13
2236 8
2237 11
2238 12
2239 9
2240 1
2241 17
2242 12
2243 18
2244 0
2245 12
2246 12
2247 12
2248 12
2249 1
2250 12
2251 12
2252 1
2253 1
2254 12
2255 12
2256 9
2257 1
2258 12
2259 18
2260 18
2261 12
2262 11
2263 12
2264 19
2265 11
2266 12
2267 12
2268 12
2269 12
2270 1
2271 1
2272 1
2273 1
2274 12
2275 12
2276 12
2277 12
2278 0
2279 17
2280 6
2281 12
2282 12
2283 12
2284 9
2285 12
2286 19
2287 1
2288 12
2289 1
2290 12
2291 12
2292 1
2293 12
2294 1
2295 12
2296 12
2297 12
2298 1
2299 1
2300 1
2301 12
2302 12
2303 12
2304 1
2305 12
2306 12
2307 11
2308 1
2309 16
2310 12
2311 12
2312 12
2313 9
2314 12
2315 19
2316 12
2317 12
2318 17
2319 11
2320 12
2321 19
2322 12
2323 12
2324 19
2325 12
2326 12
2327 19
2328 1
2329 12
2330 1
2331 12
2332 12
2333 12
2334 12
2335 12
2336 12
2337 19
2338 18
2339 12
2340 18
2341 12
2342 12
2343 12
2344 12
2345 2
2346 17
2347 1
2348 19
2349 1
2350 19
2351 12
2352 12
2353 12
2354 1
2355 19
2356 12
2357 12
2358 12
2359 1
2360 3
2361 11
2362 12
2363 12
2364 0
2365 12
2366 2
2367 12
2368 1
2369 12
2370 12
2371 1
2372 1
2373 1
2374 9
2375 19
2376 9
2377 12
2378 1
2379 3
2380 19
2381 1
2382 12
2383 12
2384 12
2385 12
2386 1
2387 12
2388 9
2389 15
2390 12
2391 12
2392 0
2393 12
2394 19
2395 1
2396 12
2397 12
2398 12
2399 12
2400 12
2401 12
2402 18
2403 12
2404 0
2405 17
2406 1
2407 12
2408 12
2409 1
2410 1
2411 12
2412 18
2413 18
2414 18
2415 12
2416 12
2417 12
2418 2
2419 8
2420 12
2421 12
2422 18
2423 12
2424 12
2425 1
2426 1
2427 1
2428 18
2429 12
2430 19
2431 0
2432 1
2433 12
2434 3
2435 12
2436 12
2437 12
2438 12
2439 12
2440 12
2441 17
2442 18
2443 1
2444 1
2445 12
2446 12
2447 12
2448 12
2449 16
2450 12
2451 12
2452 1
2453 1
2454 12
2455 12
2456 3
2457 12
2458 12
2459 12
2460 12
2461 1
2462 12
2463 12
2464 12
2465 19
2466 1
2467 1
2468 1
2469 12
2470 12
2471 0
2472 12
2473 12
2474 12
2475 12
2476 12
2477 12
2478 12
2479 12
2480 12
2481 12
2482 14
2483 12
2484 6
2485 12
2486 18
2487 1
2488 12
2489 12
2490 12
2491 2
2492 12
2493 12
2494 12
2495 12
2496 1
2497 1
2498 11
2499 12
2500 12
2501 12
2502 12
2503 12
2504 1
2505 11
2506 19
2507 1
2508 12
2509 1
2510 12
2511 1
2512 1
2513 12
2514 1
2515 12
2516 12
2517 1
2518 12
2519 12
2520 1
2521 12
2522 9
2523 12
2524 19
2525 12
2526 1
2527 12
2528 12
2529 12
2530 12
2531 1
2532 11
2533 12
2534 12
2535 12
2536 12
2537 1
2538 12
2539 11
2540 1
2541 16
2542 12
2543 16
2544 1
2545 12
2546 12
2547 12
2548 1
2549 1
2550 0
2551 12
2552 19
2553 12
2554 12
2555 1
2556 12
2557 1
2558 1
2559 12
2560 18
2561 3
2562 12
2563 12
2564 19
2565 12
2566 12
2567 1
2568 12
2569 1
2570 1
2571 12
2572 12
2573 12
2574 12
2575 1
2576 11
2577 12
2578 11
2579 12
2580 12
2581 19
2582 12
2583 1
2584 12
2585 6
2586 1
2587 6
2588 12
2589 12
2590 11
2591 1
2592 0
2593 12
2594 1
2595 12
2596 18
2597 19
2598 1
2599 12
2600 1
2601 6
2602 6
2603 12
2604 6
2605 12
2606 12
2607 11
2608 12
2609 18
2610 9
2611 12
2612 12
2613 11
2614 1
2615 12
2616 12
2617 17
2618 7
2619 1
2620 12
2621 1
2622 1
2623 18
2624 12
2625 12
2626 13
2627 12
2628 19
2629 11
2630 12
2631 12
2632 12
2633 12
2634 12
2635 1
2636 12
2637 12
2638 12
2639 12
2640 12
2641 2
2642 12
2643 18
2644 12
2645 1
2646 1
2647 2
2648 12
2649 1
2650 12
2651 12
2652 12
2653 18
2654 12
2655 11
2656 12
2657 12
2658 9
2659 12
2660 12
2661 0
2662 12
2663 12
2664 16
2665 1
2666 12
2667 12
2668 12
2669 12
2670 0
2671 7
2672 1
2673 12
2674 12
2675 18
2676 12
2677 12
2678 12
2679 1
2680 12
2681 12
2682 12
2683 9
2684 9
2685 12
2686 1
2687 1
2688 0
2689 1
2690 12
2691 18
2692 0
2693 0
2694 13
2695 12
2696 1
2697 12
2698 12
2699 18
2700 12
2701 18
2702 3
2703 12
2704 1
2705 12
2706 12
2707 6
2708 12
2709 12
2710 12
2711 12
2712 12
2713 12
2714 12
2715 12
2716 0
2717 1
2718 12
2719 0
2720 12
2721 1
2722 18
2723 1
2724 12
2725 12
2726 12
2727 12
2728 12
2729 12
2730 12
2731 12
2732 12
2733 12
2734 12
2735 1
2736 12
2737 12
2738 0
2739 11
2740 11
2741 1
2742 12
2743 1
2744 13
2745 9
2746 1
2747 12
2748 12
2749 12
2750 1
2751 1
2752 12
2753 12
2754 12
2755 12
2756 12
2757 12
2758 12
2759 12
2760 12
2761 12
2762 11
2763 19
2764 12
2765 12
2766 12
2767 12
2768 13
2769 12
2770 1
2771 1
2772 12
2773 12
2774 18
2775 12
2776 12
2777 12
2778 12
2779 12
2780 11
2781 1
2782 12
2783 12
2784 7
2785 12
2786 18
2787 7
2788 1
2789 12
2790 1
2791 12
2792 12
2793 12
2794 12
2795 1
2796 12
2797 12
2798 1
2799 12
2800 17
2801 12
2802 12
2803 12
2804 1
2805 12
2806 19
2807 13
2808 12
2809 12
2810 12
2811 12
2812 12
2813 12
2814 12
2815 12
2816 12
2817 18
2818 19
2819 12
2820 12
2821 1
2822 14
2823 0
2824 12
2825 12
2826 1
2827 0
2828 1
2829 12
2830 1
2831 19
2832 19
2833 12
2834 12
2835 2
2836 12
2837 12
2838 1
2839 12
2840 12
2841 12
2842 12
2843 1
2844 12
2845 12
2846 0
2847 12
2848 12
2849 12
2850 19
2851 12
2852 1
2853 19
2854 12
2855 12
2856 12
2857 12
2858 1
2859 12
2860 2
2861 12
2862 11
2863 12
2864 12
2865 12
2866 12
2867 11
2868 12
2869 1
2870 12
2871 17
2872 17
2873 3
2874 1
2875 17
2876 12
2877 18
2878 1
2879 12
2880 2
2881 1
2882 12
2883 12
2884 1
2885 18
2886 11
2887 1
2888 12
2889 0
2890 18
2891 12
2892 12
2893 12
2894 1
2895 12
2896 12
2897 12
2898 1
2899 12
2900 12
2901 12
2902 12
2903 12
2904 1
2905 12
2906 17
2907 12
2908 1
2909 1
2910 7
2911 12
2912 12
2913 12
2914 12
2915 1
2916 11
2917 12
2918 1
2919 1
2920 12
2921 19
2922 12
2923 1
2924 1
2925 12
2926 17
2927 18
2928 12
2929 12
2930 12
2931 3
2932 12
2933 1
2934 11
2935 1
2936 0
2937 1
2938 1
2939 19
2940 12
2941 12
2942 3
2943 9
2944 12
2945 1
2946 12
2947 0
2948 18
2949 17
2950 0
2951 12
2952 12
2953 12
2954 1
2955 9
2956 19
2957 12
2958 12
2959 19
2960 12
2961 11
2962 12
2963 18
2964 19
2965 12
2966 12
2967 18
2968 12
2969 1
2970 12
2971 7
2972 12
2973 1
2974 12
2975 13
2976 12
2977 12
2978 12
2979 12
2980 1
2981 1
2982 1
2983 18
2984 1
2985 12
2986 12
2987 0
2988 9
2989 12
2990 13
2991 12
2992 0
2993 11
2994 12
2995 12
2996 12
2997 12
2998 12
2999 1
3000 19
3001 11
3002 12
3003 12
3004 12
3005 12
3006 18
3007 12
3008 1
3009 1
3010 12
3011 13
3012 9
3013 12
3014 12
3015 9
3016 1
3017 19
3018 12
3019 0
3020 12
3021 12
3022 18
3023 12
3024 3
3025 0
3026 18
3027 12
3028 17
3029 9
3030 12
3031 12
3032 8
3033 12
3034 12
3035 12
3036 12
3037 11
3038 0
3039 18
3040 12
3041 12
3042 1
3043 12
3044 12
3045 18
3046 1
3047 18
3048 12
3049 12
3050 12
3051 12
3052 12
3053 12
3054 12
3055 1
3056 0
3057 12
3058 17
3059 1
3060 5
3061 12
3062 12
3063 12
3064 12
3065 1
3066 19
3067 18
3068 17
3069 6
3070 1
3071 18
3072 12
3073 12
3074 12
3075 19
3076 1
3077 12
3078 17
3079 12
3080 12
3081 18
3082 12
3083 12
3084 12
3085 1
3086 18
3087 12
3088 12
3089 1
3090 11
3091 12
3092 12
3093 1
3094 1
3095 12
3096 14
3097 7
3098 2
3099 12
3100 1
3101 11
3102 12
3103 18
3104 12
3105 12
3106 1
3107 1
3108 1
3109 12
3110 12
3111 14
3112 12
3113 12
3114 8
3115 15
3116 12
3117 12
3118 12
3119 12
3120 12
3121 12
3122 18
3123 12
3124 19
3125 1
3126 12
3127 12
3128 12
3129 1
3130 16
3131 0
3132 3
3133 12
3134 12
3135 19
3136 12
3137 1
3138 12
3139 12
3140 1
3141 12
3142 18
3143 12
3144 1
3145 1
3146 12
3147 11
3148 11
3149 6
3150 11
3151 14
3152 12
3153 1
3154 1
3155 12
3156 12
3157 1
3158 12
3159 1
3160 19
3161 12
3162 19
3163 12
3164 0
3165 9
3166 12
3167 18
3168 7
3169 12
3170 12
3171 12
3172 1
3173 1
3174 1
3175 1
3176 12
3177 12
3178 12
3179 18
3180 12
3181 1
3182 12
3183 12
3184 1
3185 19
3186 6
3187 12
3188 12
3189 12
3190 3
3191 18
3192 12
3193 1
3194 12
3195 0
3196 1
3197 12
3198 0
3199 12
3200 0
3201 18
3202 11
3203 19
3204 12
3205 12
3206 12
3207 12
3208 1
3209 19
3210 12
3211 1
3212 6
3213 0
3214 12
3215 12
3216 12
3217 18
3218 1
3219 12
3220 0
3221 19
3222 12
3223 14
3224 0
3225 12
3226 18
3227 12
3228 12
3229 12
3230 1
3231 12
3232 12
3233 11
3234 12
3235 12
3236 3
3237 18
3238 11
3239 12
3240 12
3241 1
3242 1
3243 1
3244 12
3245 12
3246 12
3247 12
3248 0
3249 12
3250 1
3251 12
3252 1
3253 12
3254 12
3255 12
3256 17
3257 12
3258 12
3259 1
3260 12
3261 12
3262 9
3263 0
3264 12
3265 12
3266 18
3267 3
3268 1
3269 12
3270 12
3271 12
3272 12
3273 1
3274 12
3275 12
3276 12
3277 9
3278 15
3279 12
3280 6
3281 12
3282 12
3283 12
3284 12
3285 12
3286 19
3287 12
3288 1
3289 12
3290 1
3291 1
3292 0
3293 12
3294 12
3295 12
3296 12
3297 5
3298 12
3299 12
3300 0
3301 12
3302 12
3303 12
3304 0
3305 0
3306 12
3307 12
3308 12
3309 0
3310 12
3311 19
3312 12
3313 12
3314 12
3315 12
3316 1
3317 12
3318 11
3319 11
3320 12
3321 0
3322 16
3323 12
3324 1
3325 12
3326 12
3327 0
3328 12
3329 12
3330 12
3331 1
3332 12
3333 15
3334 7
3335 12
3336 17
3337 12
3338 12
3339 12
3340 12
3341 12
3342 1
3343 12
3344 12
3345 12
3346 12
3347 12
3348 12
3349 1
3350 12
3351 12
3352 12
3353 1
3354 12
3355 7
3356 12
3357 17
3358 1
3359 1
3360 18
3361 1
3362 12
3363 17
3364 2
3365 1
3366 19
3367 1
3368 19
3369 19
3370 1
3371 1
3372 3
3373 12
3374 12
3375 12
3376 12
3377 12
3378 1
3379 12
3380 12
3381 19
3382 12
3383 12
3384 12
3385 12
3386 2
3387 12
3388 2
3389 19
3390 12
3391 1
3392 19
3393 12
3394 12
3395 12
3396 12
3397 2
3398 9
3399 12
3400 12
3401 7
3402 0
3403 1
3404 1
3405 1
3406 12
3407 12
3408 12
3409 1
3410 3
3411 12
3412 17
3413 1
3414 3
3415 12
3416 12
3417 12
3418 12
3419 11
3420 3
3421 18
3422 12
3423 19
3424 12
3425 1
3426 12
3427 1
3428 18
3429 12
3430 12
3431 12
3432 12
3433 0
3434 12
3435 1
3436 0
3437 1
3438 12
3439 0
3440 12
3441 1
3442 12
3443 12
3444 12
3445 19
3446 1
3447 12
3448 17
3449 4
3450 12
3451 12
3452 12
3453 12
3454 18
3455 1
3456 12
3457 1
3458 12
3459 12
3460 12
3461 19
3462 19
3463 12
3464 12
3465 12
3466 12
3467 12
3468 12
3469 12
3470 0
3471 12
3472 12
3473 11
3474 1
3475 12
3476 6
3477 12
3478 12
3479 1
3480 1
3481 12
3482 12
3483 1
3484 12
3485 1
3486 1
3487 12
3488 1
3489 12
3490 9
3491 12
3492 12
3493 12
3494 12
3495 11
3496 12
3497 1
3498 0
3499 12
3500 1
3501 1
3502 11
3503 0
3504 12
3505 1
3506 1
3507 12
3508 2
3509 1
3510 1
3511 3
3512 1
3513 12
3514 12
3515 12
3516 1
3517 6
3518 9
3519 0
3520 19
3521 1
3522 0
3523 2
3524 12
3525 12
3526 12
3527 0
3528 12
3529 10
3530 1
3531 18
3532 12
3533 2
3534 12
3535 19
3536 12
3537 12
3538 12
3539 1
3540 13
3541 12
3542 0
3543 12
3544 1
3545 12
3546 12
3547 12
3548 12
3549 9
3550 1
3551 12
3552 18
3553 12
3554 12
3555 12
3556 12
3557 1
3558 0
3559 12
3560 19
3561 12
3562 12
3563 12
3564 12
3565 12
3566 0
3567 1
3568 12
3569 12
3570 12
3571 0
3572 1
3573 12
3574 9
3575 1
3576 1
3577 12
3578 18
3579 12
3580 12
3581 12
3582 12
3583 12
3584 12
3585 19
3586 12
3587 12
3588 1
3589 1
3590 12
3591 12
3592 12
3593 1
3594 1
3595 19
3596 12
3597 1
3598 12
3599 19
3600 8
3601 1
3602 12
3603 12
3604 1
3605 18
3606 12
3607 12
3608 19
3609 12
3610 12
3611 12
3612 0
3613 12
3614 12
3615 12
3616 12
3617 1
3618 1
3619 12
3620 12
3621 0
3622 17
3623 1
3624 2
3625 13
3626 12
3627 12
3628 1
3629 12
3630 12
3631 1
3632 1
3633 4
3634 1
3635 12
3636 12
3637 12
3638 1
3639 12
3640 11
3641 1
3642 17
3643 12
3644 2
3645 18
3646 11
3647 12
3648 1
3649 0
3650 12
3651 0
3652 12
3653 18
3654 12
3655 12
3656 12
3657 12
3658 1
3659 1
3660 1
3661 18
3662 1
3663 12
3664 12
3665 12
3666 12
3667 19
3668 1
3669 12
3670 1
3671 12
3672 12
3673 0
3674 12
3675 12
3676 11
3677 12
3678 12
3679 0
3680 1
3681 12
3682 12
3683 12
3684 12
3685 1
3686 18
3687 12
3688 12
3689 12
3690 12
3691 18
3692 12
3693 12
3694 12
3695 12
3696 12
3697 12
3698 12
3699 12
3700 0
3701 12
3702 12
3703 1
3704 12
3705 12
3706 12
3707 17
3708 12
3709 12
3710 17
3711 12
3712 12
3713 9
3714 12
3715 12
3716 1
3717 1
3718 0
3719 18
3720 12
3721 1
3722 12
3723 12
3724 1
3725 11
3726 12
3727 12
3728 12
3729 12
3730 12
3731 12
3732 0
3733 0
3734 12
3735 12
3736 1
3737 12
3738 12
3739 12
3740 12
3741 12
3742 12
3743 18
3744 0
3745 1
3746 12
3747 1
3748 12
3749 1
3750 12
3751 1
3752 19
3753 12
3754 1
3755 12
3756 12
3757 12
3758 12
3759 18
3760 12
3761 12
3762 12
3763 12
3764 12
3765 12
3766 1
3767 1
3768 11
3769 12
3770 12
3771 12
3772 18
3773 1
3774 13
3775 12
3776 12
3777 12
3778 12
3779 9
3780 12
3781 3
3782 12
3783 19
3784 0
3785 1
3786 17
3787 11
3788 12
3789 12
3790 1
3791 1
3792 12
3793 18
3794 12
3795 19
3796 12
3797 12
3798 1
3799 12
3800 1
3801 12
3802 18
3803 12
3804 1
3805 1
3806 12
3807 10
3808 12
3809 12
3810 12
3811 1
3812 12
3813 1
3814 13
3815 12
3816 1
3817 12
3818 12
3819 12
3820 12
3821 10
3822 19
3823 12
3824 12
3825 12
3826 1
3827 19
3828 1
3829 12
3830 6
3831 12
3832 12
3833 12
3834 12
3835 0
3836 1
3837 19
3838 0
3839 12
3840 1
3841 1
3842 11
3843 1
3844 12
3845 18
3846 12
3847 0
3848 12
3849 12
3850 19
3851 0
3852 1
3853 12
3854 2
3855 12
3856 12
3857 12
3858 1
3859 11
3860 13
3861 5
3862 1
3863 1
3864 12
3865 12
3866 1
3867 12
3868 12
3869 12
3870 12
3871 12
3872 12
3873 11
3874 19
3875 18
3876 9
3877 12
3878 12
3879 1
3880 12
3881 9
3882 12
3883 12
3884 1
3885 12
3886 12
3887 12
3888 12
3889 1
3890 12
3891 11
3892 1
3893 9
3894 12
3895 12
3896 18
3897 18
3898 1
3899 12
3900 18
3901 3
3902 1
3903 1
3904 12
3905 12
3906 18
3907 1
3908 13
3909 12
3910 4
3911 12
3912 12
3913 9
3914 12
3915 1
3916 12
3917 12
3918 12
3919 12
3920 12
3921 12
3922 12
3923 12
3924 12
3925 12
3926 1
3927 11
3928 11
3929 11
3930 12
3931 0
3932 12
3933 12
3934 12
3935 1
3936 12
3937 19
3938 12
3939 18
3940 12
3941 12
3942 11
3943 1
3944 12
3945 12
3946 10
3947 1
3948 12
3949 12
3950 12
3951 12
3952 1
3953 12
3954 12
3955 12
3956 17
3957 9
3958 1
3959 17
3960 16
3961 12
3962 17
3963 12
3964 12
3965 18
3966 1
3967 12
3968 11
3969 19
3970 12
3971 19
3972 1
3973 12
3974 12
3975 9
3976 12
3977 12
3978 12
3979 12
3980 12
3981 12
3982 12
3983 19
3984 12
3985 12
3986 0
3987 11
3988 11
3989 12
3990 12
3991 12
3992 12
3993 11
3994 6
3995 19
3996 1
3997 11
3998 12
3999 12
4000 1
4001 12
4002 12
4003 12
4004 12
4005 1
4006 17
4007 1
4008 12
4009 19
4010 12
4011 12
4012 12
4013 12
4014 12
4015 12
4016 1
4017 12
4018 12
4019 12
4020 12
4021 12
4022 12
4023 1
4024 18
4025 12
4026 0
4027 12
4028 3
4029 12
4030 1
4031 0
4032 9
4033 12
4034 19
4035 18
4036 10
4037 9
4038 2
4039 12
4040 9
4041 12
4042 9
4043 18
4044 12
4045 1
4046 0
4047 12
4048 1
4049 12
4050 12
4051 12
4052 9
4053 12
4054 0
4055 18
4056 3
4057 1
4058 19
4059 12
4060 12
4061 12
4062 18
4063 12
4064 12
4065 12
4066 12
4067 12
4068 12
4069 1
4070 1
4071 18
4072 12
4073 12
4074 3
4075 0
4076 12
4077 12
4078 1
4079 1
4080 11
4081 12
4082 0
4083 12
4084 11
4085 3
4086 12
4087 12
4088 12
4089 9
4090 18
4091 1
4092 12
4093 11
4094 1
4095 1
4096 19
4097 12
4098 12
4099 9
4100 13
4101 8
4102 1
4103 12
4104 1
4105 6
4106 1
4107 12
4108 12
4109 1
4110 11
4111 18
4112 1
4113 19
4114 18
4115 0
4116 1
4117 12
4118 18
4119 12
4120 13
4121 19
4122 12
4123 11
4124 1
4125 12
4126 12
4127 1
4128 19
4129 12
4130 12
4131 12
4132 12
4133 1
4134 1
4135 7
4136 12
4137 12
4138 17
4139 8
4140 12
4141 12
4142 12
4143 12
4144 19
4145 12
4146 12
4147 12
4148 1
4149 12
4150 12
4151 19
4152 12
4153 18
4154 12
4155 18
4156 1
4157 12
4158 12
4159 12
4160 12
4161 1
4162 12
4163 1
4164 12
4165 1
4166 12
4167 1
4168 0
4169 12
4170 12
4171 12
4172 12
4173 1
4174 2
4175 12
4176 1
4177 1
4178 12
4179 12
4180 12
4181 11
4182 12
4183 12
4184 0
4185 1
4186 12
4187 12
4188 1
4189 12
4190 1
4191 12
4192 12
4193 1
4194 18
4195 12
4196 12
4197 12
4198 18
4199 6
4200 7
4201 12
4202 12
4203 12
4204 12
4205 12
4206 18
4207 12
4208 1
4209 12
4210 12
4211 1
4212 12
4213 12
4214 1
4215 10
4216 12
4217 12
4218 12
4219 12
4220 12
4221 12
4222 12
4223 12
4224 19
4225 1
4226 1
4227 12
4228 1
4229 12
4230 12
4231 12
4232 12
4233 12
4234 11
4235 12
4236 12
4237 12
4238 12
4239 18
4240 18
4241 6
4242 1
4243 12
4244 12
4245 19
4246 12
4247 17
4248 12
4249 17
4250 12
4251 1
4252 19
4253 1
4254 12
4255 12
4256 12
4257 12
4258 12
4259 12
4260 0
4261 18
4262 12
4263 5
4264 12
4265 1
4266 12
4267 12
4268 12
4269 12
4270 12
4271 12
4272 12
4273 12
4274 12
4275 12
4276 12
4277 11
4278 12
4279 12
4280 19
4281 1
4282 12
4283 10
4284 0
4285 0
4286 12
4287 12
4288 18
4289 12
4290 12
4291 12
4292 0
4293 12
4294 12
4295 12
4296 12
4297 12
4298 12
4299 12
4300 0
4301 12
4302 12
4303 12
4304 12
4305 18
4306 12
4307 12
4308 1
4309 2
4310 0
4311 12
4312 12
4313 12
4314 18
4315 12
4316 12
4317 1
4318 0
4319 12
4320 12
4321 12
4322 1
4323 6
4324 12
4325 11
4326 12
4327 18
4328 1
4329 12
4330 1
4331 12
4332 1
4333 12
4334 1
4335 12
4336 1
4337 12
4338 1
4339 12
4340 12
4341 18
4342 1
4343 12
4344 12
4345 12
4346 12
4347 11
4348 12
4349 18
4350 12
4351 12
4352 12
4353 12
4354 12
4355 1
4356 12
4357 19
4358 19
4359 12
4360 12
4361 1
4362 10
4363 12
4364 12
4365 18
4366 0
4367 12
4368 12
4369 12
4370 12
4371 1
4372 19
4373 3
4374 12
4375 12
4376 12
4377 1
4378 18
4379 1
4380 12
4381 12
4382 12
4383 1
4384 13
4385 12
4386 1
4387 19
4388 12
4389 1
4390 1
4391 12
4392 0
4393 1
4394 12
4395 12
4396 12
4397 12
4398 12
4399 11
4400 18
4401 12
4402 1
4403 19
4404 1
4405 12
4406 19
4407 12
4408 12
4409 12
4410 1
4411 17
4412 12
4413 12
4414 12
4415 12
4416 18
4417 12
4418 1
4419 17
4420 19
4421 12
4422 1
4423 12
4424 1
4425 12
4426 12
4427 0
4428 12
4429 9
4430 0
4431 1
4432 12
4433 12
4434 12
4435 19
4436 1
4437 12
4438 1
4439 12
4440 12
4441 12
4442 18
4443 12
4444 12
4445 11
4446 12
4447 0
4448 10
4449 19
4450 12
4451 12
4452 12
4453 12
4454 17
4455 12
4456 19
4457 12
4458 12
4459 12
4460 12
4461 12
4462 3
4463 11
4464 15
4465 12
4466 12
4467 19
4468 1
4469 1
4470 18
4471 12
4472 19
4473 18
4474 1
4475 11
4476 12
4477 12
4478 9
4479 1
4480 1
4481 12
4482 11
4483 12
4484 12
4485 1
4486 12
4487 17
4488 12
4489 18
4490 1
4491 12
4492 13
4493 13
4494 12
4495 19
4496 11
4497 2
4498 12
4499 12
4500 12
4501 12
4502 12
4503 7
4504 12
4505 18
4506 1
4507 14
4508 9
4509 9
4510 12
4511 12
4512 12
4513 12
4514 1
4515 1
4516 12
4517 7
4518 1
4519 12
4520 1
4521 18
4522 1
4523 12
4524 1
4525 1
4526 0
4527 18
4528 1
4529 19
4530 1
4531 1
4532 19
4533 12
4534 1
4535 12
4536 19
4537 12
4538 12
4539 12
4540 12
4541 14
4542 13
4543 18
4544 1
4545 12
4546 11
4547 1
4548 1
4549 1
4550 12
4551 19
4552 18
4553 12
4554 11
4555 1
4556 12
4557 1
4558 11
4559 1
4560 12
4561 12
4562 12
4563 1
4564 0
4565 1
4566 0
4567 17
4568 12
4569 12
4570 12
4571 12
4572 19
4573 12
4574 12
4575 2
4576 12
4577 1
4578 12
4579 11
4580 18
4581 12
4582 12
4583 11
4584 19
4585 12
4586 12
4587 12
4588 18
4589 12
4590 12
4591 18
4592 11
4593 12
4594 1
4595 12
4596 12
4597 1
4598 19
4599 12
4600 1
4601 12
4602 19
4603 1
4604 12
4605 12
4606 12
4607 12
4608 12
4609 12
4610 18
4611 19
4612 12
4613 12
4614 12
4615 12
4616 12
4617 1
4618 12
4619 12
4620 12
4621 19
4622 18
4623 12
4624 12
4625 12
4626 17
4627 12
4628 12
4629 18
4630 12
4631 11
4632 11
4633 1
4634 9
4635 9
4636 12
4637 19
4638 18
4639 12
4640 11
4641 18
4642 12
4643 12
4644 11
4645 12
4646 12
4647 1
4648 11
4649 0
4650 19
4651 0
4652 0
4653 12
4654 12
4655 18
4656 12
4657 1
4658 12
4659 12
4660 1
4661 12
4662 12
4663 19
4664 1
4665 12
4666 12
4667 16
4668 0
4669 12
4670 12
4671 11
4672 1
4673 18
4674 12
4675 0
4676 12
4677 12
4678 12
4679 1
4680 0
4681 12
4682 16
4683 0
4684 12
4685 5
4686 2
4687 12
4688 12
4689 5
4690 7
4691 12
4692 9
4693 12
4694 9
4695 17
4696 0
4697 18
4698 12
4699 12
4700 12
4701 1
4702 18
4703 12
4704 12
4705 18
4706 12
4707 12
4708 12
4709 2
4710 12
4711 12
4712 12
4713 12
4714 18
4715 12
4716 12
4717 12
4718 17
4719 12
4720 12
4721 12
4722 12
4723 12
4724 1
4725 12
4726 12
4727 12
4728 9
4729 12
4730 12
4731 9
4732 12
4733 12
4734 1
4735 1
4736 0
4737 12
4738 1
4739 12
4740 9
4741 18
4742 19
4743 1
4744 12
4745 1
4746 1
4747 12
4748 0
4749 12
4750 12
4751 12
4752 18
4753 1
4754 12
4755 12
4756 12
4757 12
4758 1
4759 12
4760 12
4761 12
4762 1
4763 12
4764 12
4765 12
4766 19
4767 1
4768 12
4769 9
4770 12
4771 12
4772 1
4773 10
4774 12
4775 12
4776 1
4777 12
4778 0
4779 1
4780 12
4781 12
4782 12
4783 18
4784 2
4785 12
4786 12
4787 11
4788 11
4789 1
4790 12
4791 9
4792 12
4793 12
4794 12
4795 12
4796 12
4797 12
4798 1
4799 12
4800 12
4801 19
4802 0
4803 12
4804 1
4805 12
4806 12
4807 1
4808 12
4809 13
4810 12
4811 12
4812 12
4813 0
4814 12
4815 11
4816 1
4817 1
4818 0
4819 9
4820 19
4821 12
4822 1
4823 1
4824 1
4825 12
4826 1
4827 12
4828 12
4829 12
4830 14
4831 1
4832 12
4833 1
4834 4
4835 3
4836 1
4837 1
4838 1
4839 5
4840 12
4841 9
4842 1
4843 12
4844 11
4845 12
4846 9
4847 12
4848 12
4849 0
4850 1
4851 12
4852 9
4853 1
4854 12
4855 11
4856 12
4857 0
4858 12
4859 12
4860 18
4861 12
4862 12
4863 0
4864 12
4865 12
4866 11
4867 1
4868 12
4869 12
4870 12
4871 19
4872 12
4873 12
4874 12
4875 1
4876 12
4877 12
4878 12
4879 12
4880 1
4881 1
4882 12
4883 12
4884 18
4885 19
4886 1
4887 18
4888 1
4889 0
4890 9
4891 12
4892 12
4893 12
4894 5
4895 17
4896 1
4897 1
4898 12
4899 12
4900 12
4901 12
4902 12
4903 12
4904 17
4905 12
4906 6
4907 18
4908 5
4909 12
4910 12
4911 12
4912 1
4913 1
4914 18
4915 18
4916 11
4917 0
4918 1
4919 7
4920 12
4921 1
4922 12
4923 0
4924 12
4925 11
4926 12
4927 12
4928 1
4929 12
4930 12
4931 12
4932 7
4933 12
4934 12
4935 12
4936 12
4937 1
4938 19
4939 13
4940 12
4941 1
4942 12
4943 0
4944 12
4945 12
4946 12
4947 12
4948 0
4949 12
4950 1
4951 1
4952 12
4953 12
4954 12
4955 12
4956 12
4957 12
4958 12
4959 18
4960 12
4961 7
4962 19
4963 12
4964 19
4965 19
4966 12
4967 0
4968 12
4969 12
4970 9
4971 1
4972 11
4973 1
4974 12
4975 12
4976 19
4977 18
4978 12
4979 1
4980 12
4981 1
4982 12
4983 9
4984 18
4985 12
4986 12
4987 3
4988 18
4989 1
4990 1
4991 12
4992 12
4993 12
4994 0
4995 12
4996 1
4997 12
4998 12
4999 12
5000 12
5001 18
5002 12
5003 18
5004 18
5005 1
5006 12
5007 0
5008 12
5009 12
5010 18
5011 12
5012 9
5013 12
5014 12
5015 1
5016 12
5017 12
5018 13
5019 12
5020 1
5021 12
5022 11
5023 12
5024 0
5025 12
5026 12
5027 12
5028 1
5029 0
5030 12
5031 12
5032 12
5033 7
5034 1
5035 12
5036 1
5037 0
5038 1
5039 0
5040 12
5041 12
5042 11
5043 12
5044 12
5045 18
5046 1
5047 17
5048 1
5049 1
5050 1
5051 0
5052 0
5053 1
5054 12
5055 18
5056 11
5057 12
5058 1
5059 12
5060 12
5061 13
5062 1
5063 12
5064 12
5065 1
5066 12
5067 12
5068 12
5069 12
5070 1
5071 12
5072 7
5073 12
5074 19
5075 18
5076 12
5077 12
5078 18
5079 18
5080 19
5081 12
5082 1
5083 19
5084 18
5085 12
5086 1
5087 17
5088 11
5089 1
5090 19
5091 17
5092 12
5093 1
5094 1
5095 18
5096 12
5097 12
5098 12
5099 18
5100 12
5101 1
5102 12
5103 12
5104 18
5105 9
5106 12
5107 1
5108 12
5109 1
5110 12
5111 12
5112 12
5113 12
5114 6
5115 11
5116 12
5117 18
5118 1
5119 1
5120 19
5121 19
5122 1
5123 12
5124 1
5125 1
5126 1
5127 1
5128 12
5129 12
5130 12
5131 12
5132 9
5133 12
5134 12
5135 12
5136 12
5137 12
5138 12
5139 3
5140 12
5141 12
5142 0
5143 17
5144 18
5145 18
5146 12
5147 12
5148 0
5149 18
5150 12
5151 12
5152 19
5153 12
5154 12
5155 12
5156 18
5157 12
5158 1
5159 12
5160 12
5161 12
5162 12
5163 12
5164 12
5165 12
5166 0
5167 1
5168 12
5169 12
5170 1
5171 12
5172 12
5173 12
5174 12
5175 12
5176 11
5177 12
5178 1
5179 1
5180 12
5181 12
5182 12
5183 12
5184 12
5185 1
5186 18
5187 0
5188 12
5189 12
5190 12
5191 19
5192 19
5193 12
5194 12
5195 17
5196 12
5197 1
5198 1
5199 19
5200 19
5201 12
5202 1
5203 12
5204 12
5205 12
5206 12
5207 12
5208 12
5209 13
5210 1
5211 4
5212 1
5213 1
5214 19
5215 12
5216 12
5217 0
5218 12
5219 13
5220 12
5221 1
5222 1
5223 12
5224 12
5225 17
5226 12
5227 3
5228 12
5229 12
5230 18
5231 1
5232 12
5233 12
5234 12
5235 12
5236 12
5237 18
5238 12
5239 1
5240 12
5241 12
5242 12
5243 12
5244 12
5245 7
5246 19
5247 7
5248 12
5249 1
5250 12
5251 7
5252 12
5253 1
5254 11
5255 12
5256 12
5257 11
5258 1
5259 14
5260 12
5261 12
5262 1
5263 1
5264 19
5265 4
5266 0
5267 19
5268 12
5269 12
5270 4
5271 0
5272 12
5273 17
5274 1
5275 0
5276 12
5277 12
5278 0
5279 12
5280 0
5281 19
5282 0
5283 12
5284 1
5285 12
5286 12
5287 12
5288 12
5289 1
5290 12
5291 12
5292 1
5293 1
5294 0
5295 12
5296 17
5297 12
5298 1
5299 12
5300 12
5301 3
5302 1
5303 11
5304 12
5305 12
5306 12
5307 1
5308 11
5309 18
5310 11
5311 12
5312 0
5313 1
5314 12
5315 12
5316 1
5317 0
5318 12
5319 12
5320 0
5321 12
5322 1
5323 12
5324 11
5325 1
5326 12
5327 19
5328 12
5329 12
5330 12
5331 0
5332 11
5333 12
5334 12
5335 1
5336 12
5337 12
5338 9
5339 1
5340 12
5341 12
5342 8
5343 12
5344 11
5345 12
5346 1
5347 1
5348 19
5349 1
5350 12
5351 2
5352 0
5353 12
5354 5
5355 19
5356 11
5357 12
5358 12
5359 12
5360 1
5361 1
5362 4
5363 18
5364 12
5365 12
5366 12
5367 11
5368 9
5369 12
5370 12
5371 12
5372 12
5373 0
5374 19
5375 1
5376 12
5377 1
5378 12
5379 12
5380 12
5381 1
5382 12
5383 12
5384 12
5385 12
5386 12
5387 12
5388 12
5389 12
5390 1
5391 1
5392 12
5393 12
5394 12
5395 12
5396 12
5397 12
5398 0
5399 12
5400 1
5401 12
5402 12
5403 1
5404 12
5405 12
5406 19
5407 2
5408 0
5409 18
5410 13
5411 12
5412 12
5413 7
5414 19
5415 12
5416 12
5417 1
5418 18
5419 0
5420 12
5421 12
5422 12
5423 12
5424 1
5425 12
5426 12
5427 12
5428 12
5429 12
5430 1
5431 1
5432 12
5433 1
5434 1
5435 12
5436 12
5437 12
5438 12
5439 12
5440 11
5441 18
5442 12
5443 12
5444 3
5445 11
5446 12
5447 12
5448 1
5449 12
5450 12
5451 12
5452 12
5453 1
5454 12
5455 12
5456 0
5457 12
5458 12
5459 4
5460 12
5461 12
5462 13
5463 12
5464 13
5465 19
5466 12
5467 12
5468 4
5469 12
5470 12
5471 3
5472 19
5473 12
5474 12
5475 12
5476 12
5477 12
5478 12
5479 12
5480 18
5481 12
5482 12
5483 12
5484 12
5485 11
5486 9
5487 9
5488 1
5489 12
5490 12
5491 12
5492 12
5493 12
5494 19
5495 12
5496 12
5497 12
5498 11
5499 12
5500 18
5501 7
5502 12
5503 12
5504 12
5505 12
5506 1
5507 1
5508 12
5509 2
5510 12
5511 12
5512 11
5513 19
5514 12
5515 12
5516 12
5517 12
5518 12
5519 12
5520 1
5521 12
5522 12
5523 12
5524 12
5525 12
5526 12
5527 1
5528 12
5529 1
5530 0
5531 0
5532 1
5533 1
5534 12
5535 12
5536 12
5537 12
5538 1
5539 12
5540 12
5541 12
5542 12
5543 1
5544 12
5545 9
5546 12
5547 18
5548 12
5549 1
5550 3
5551 12
5552 12
5553 12
5554 18
5555 12
5556 12
5557 12
5558 12
5559 12
5560 12
5561 12
5562 11
5563 12
5564 19
5565 4
5566 18
5567 11
5568 18
5569 4
5570 12
5571 12
5572 12
5573 12
5574 12
5575 12
5576 12
5577 12
5578 1
5579 11
5580 11
5581 1
5582 12
5583 0
5584 19
5585 19
5586 12
5587 12
5588 12
5589 18
5590 19
5591 12
5592 12
5593 12
5594 11
5595 0
5596 12
5597 12
5598 11
5599 10
5600 11
5601 18
5602 9
5603 19
5604 18
5605 12
5606 12
5607 19
5608 12
5609 12
5610 2
5611 12
5612 12
5613 18
5614 12
5615 12
5616 0
5617 12
5618 8
5619 12
5620 12
5621 0
5622 12
5623 12
5624 1
5625 12
5626 1
5627 12
5628 12
5629 12
5630 11
5631 12
5632 12
5633 1
5634 18
5635 11
5636 19
5637 1
5638 12
5639 12
5640 1
5641 12
5642 9
5643 11
5644 12
5645 12
5646 13
5647 12
5648 12
5649 6
5650 1
5651 18
5652 19
5653 12
5654 18
5655 12
5656 12
5657 11
5658 12
5659 12
5660 12
5661 17
5662 1
5663 12
5664 12
5665 18
5666 12
5667 11
5668 12
5669 0
5670 19
5671 17
5672 0
5673 1
5674 12
5675 1
5676 12
5677 0
5678 12
5679 12
5680 12
5681 12
5682 17
5683 12
5684 1
5685 1
5686 12
5687 12
5688 12
5689 1
5690 12
5691 2
5692 12
5693 0
5694 12
5695 12
5696 0
5697 19
5698 17
5699 12
5700 12
5701 1
5702 12
5703 12
5704 12
5705 17
5706 1
5707 17
5708 17
5709 1
5710 18
5711 12
5712 0
5713 12
5714 12
5715 12
5716 9
5717 1
5718 11
5719 12
5720 12
5721 9
5722 11
5723 1
5724 12
5725 1
5726 12
5727 1
5728 12
5729 1
5730 1
5731 12
5732 18
5733 12
5734 1
5735 12
5736 11
5737 12
5738 12
5739 18
5740 18
5741 2
5742 12
5743 12
5744 18
5745 12
5746 12
5747 12
5748 18
5749 19
5750 7
5751 12
5752 12
5753 12
5754 17
5755 19
5756 1
5757 12
5758 12
5759 12
5760 1
5761 12
5762 11
5763 1
5764 18
5765 12
5766 19
5767 18
5768 12
5769 12
5770 12
5771 1
5772 0
5773 12
5774 12
5775 12
5776 19
5777 6
5778 12
5779 12
5780 12
5781 17
5782 12
5783 1
5784 12
5785 12
5786 12
5787 1
5788 12
5789 12
5790 18
5791 12
5792 12
5793 18
5794 12
5795 12
5796 19
5797 1
5798 13
5799 11
5800 12
5801 12
5802 12
5803 1
5804 1
5805 0
5806 12
5807 1
5808 12
5809 12
5810 12
5811 11
5812 17
5813 12
5814 3
5815 12
5816 19
5817 12
5818 12
5819 17
5820 12
5821 12
5822 12
5823 1
5824 12
5825 12
5826 12
5827 0
5828 12
5829 1
5830 0
5831 12
5832 11
5833 12
5834 19
5835 12
5836 1
5837 12
5838 12
5839 12
5840 1
5841 8
5842 12
5843 12
5844 19
5845 0
5846 12
5847 12
5848 12
5849 1
5850 12
5851 12
5852 0
5853 12
5854 1
5855 19
5856 1
5857 0
5858 12
5859 11
5860 12
5861 0
5862 1
5863 1
5864 12
5865 12
5866 11
5867 17
5868 1
5869 12
5870 12
5871 12
5872 2
5873 12
5874 12
5875 12
5876 12
5877 12
5878 12
5879 12
5880 1
5881 12
5882 18
5883 12
5884 12
5885 12
5886 18
5887 12
5888 2
5889 12
5890 12
5891 18
5892 12
5893 11
5894 12
5895 1
5896 8
5897 1
5898 12
5899 12
5900 11
5901 12
5902 17
5903 12
5904 12
5905 12
5906 1
5907 12
5908 12
5909 9
5910 12
5911 6
5912 1
5913 1
5914 12
5915 1
5916 0
5917 12
5918 12
5919 11
5920 0
5921 4
5922 0
5923 12
5924 18
5925 11
5926 12
5927 1
5928 13
5929 12
5930 12
5931 12
5932 12
5933 12
5934 12
5935 19
5936 0
5937 1
5938 11
5939 11
5940 0
5941 12
5942 18
5943 11
5944 0
5945 12
5946 19
5947 12
5948 12
5949 19
5950 12
5951 12
5952 11
5953 12
5954 19
5955 13
5956 1
5957 12
5958 0
5959 12
5960 11
5961 12
5962 1
5963 3
5964 12
5965 2
5966 12
5967 0
5968 9
5969 12
5970 12
5971 12
5972 12
5973 0
5974 12
5975 12
5976 19
5977 1
5978 1
5979 5
5980 1
5981 0
5982 12
5983 1
5984 12
5985 12
5986 12
5987 12
5988 12
5989 3
5990 2
5991 1
5992 0
5993 1
5994 5
5995 0
5996 12
5997 12
5998 12
5999 1
6000 12
6001 9
6002 12
6003 12
6004 1
6005 1
6006 12
6007 12
6008 12
6009 12
6010 12
6011 11
6012 12
6013 9
6014 1
6015 19
6016 12
6017 1
6018 18
6019 12
6020 12
6021 12
6022 12
6023 12
6024 11
6025 12
6026 1
6027 12
6028 0
6029 6
6030 12
6031 10
6032 9
6033 9
6034 12
6035 12
6036 1
6037 12
6038 12
6039 18
6040 19
6041 12
6042 12
6043 11
6044 1
6045 1
6046 1
6047 12
6048 12
6049 1
6050 1
6051 12
6052 12
6053 9
6054 12
6055 1
6056 12
6057 12
6058 12
6059 10
6060 12
6061 2
6062 12
6063 12
6064 3
6065 3
6066 0
6067 1
6068 12
6069 0
6070 12
6071 1
6072 18
6073 12
6074 0
6075 12
6076 12
6077 12
6078 12
6079 12
6080 19
6081 1
6082 12
6083 9
6084 18
6085 0
6086 12
6087 1
6088 12
6089 1
6090 12
6091 12
6092 18
6093 12
6094 19
6095 12
6096 9
6097 1
6098 1
6099 12
6100 12
6101 1
6102 18
6103 12
6104 16
6105 12
6106 12
6107 14
6108 18
6109 12
6110 11
6111 1
6112 12
6113 1
6114 12
6115 12
6116 12
6117 19
6118 3
6119 17
6120 13
6121 13
6122 12
6123 12
6124 7
6125 18
6126 1
6127 12
6128 11
6129 12
6130 12
6131 12
6132 12
6133 12
6134 12
6135 4
6136 12
6137 12
6138 12
6139 18
6140 18
6141 1
6142 19
6143 12
6144 12
6145 1
6146 11
6147 1
6148 18
6149 12
6150 12
6151 19
6152 12
6153 1
6154 12
6155 1
6156 12
6157 12
6158 12
6159 19
6160 12
6161 11
6162 0
6163 18
6164 12
6165 1
6166 11
6167 11
6168 12
6169 12
6170 18
6171 1
6172 12
6173 18
6174 12
6175 17
6176 12
6177 12
6178 12
6179 1
6180 19
6181 12
6182 12
6183 12
6184 12
6185 1
6186 12
6187 1
6188 12
6189 0
6190 18
6191 12
6192 11
6193 12
6194 0
6195 12
6196 18
6197 12
6198 12
6199 19
6200 1
6201 12
6202 1
6203 0
6204 1
6205 12
6206 1
6207 12
6208 12
6209 1
6210 12
6211 12
6212 1
6213 12
6214 0
6215 1
6216 12
6217 12
6218 19
6219 1
6220 12
6221 12
6222 12
6223 12
6224 12
6225 12
6226 12
6227 12
6228 12
6229 12
6230 12
6231 1
6232 12
6233 12
6234 4
6235 12
6236 12
6237 1
6238 12
6239 12
6240 12
6241 1
6242 12
6243 12
6244 0
6245 0
6246 12
6247 1
6248 0
6249 18
6250 19
6251 11
6252 12
6253 12
6254 1
6255 1
6256 12
6257 12
6258 12
6259 17
6260 1
6261 12
6262 12
6263 1
6264 12
6265 12
6266 11
6267 3
6268 1
6269 12
6270 12
6271 0
6272 12
6273 12
6274 1
6275 11
6276 11
6277 13
6278 18
6279 12
6280 1
6281 3
6282 12
6283 1
6284 17
6285 18
6286 1
6287 1
6288 0
6289 12
6290 19
6291 12
6292 12
6293 9
6294 18
6295 12
6296 12
6297 12
6298 0
6299 12
6300 4
6301 12
6302 12
6303 12
6304 7
6305 12
6306 12
6307 12
6308 1
6309 1
6310 12
6311 12
6312 12
6313 12
6314 19
6315 12
6316 1
6317 1
6318 1
6319 12
6320 8
6321 12
6322 12
6323 1
6324 1
6325 12
6326 1
6327 1
6328 12
6329 19
6330 12
6331 12
6332 1
6333 12
6334 13
6335 12
6336 12
6337 12
6338 6
6339 12
6340 12
6341 11
6342 1
6343 12
6344 9
6345 12
6346 12
6347 12
6348 12
6349 18
6350 12
6351 12
6352 8
6353 0
6354 18
6355 12
6356 0
6357 1
6358 0
6359 1
6360 8
6361 12
6362 0
6363 12
6364 19
6365 1
6366 12
6367 1
6368 11
6369 12
6370 12
6371 12
6372 12
6373 12
6374 1
6375 12
6376 12
6377 12
6378 1
6379 16
6380 12
6381 18
6382 12
6383 1
6384 1
6385 12
6386 12
6387 12
6388 11
6389 12
6390 9
6391 12
6392 12
6393 1
6394 1
6395 12
6396 12
6397 3
6398 19
6399 12
6400 12
6401 12
6402 12
6403 1
6404 12
6405 12
6406 11
6407 12
6408 16
6409 19
6410 18
6411 6
6412 12
6413 12
6414 12
6415 12
6416 12
6417 12
6418 12
6419 12
6420 12
6421 12
6422 12
6423 19
6424 12
6425 18
6426 12
6427 4
6428 12
6429 12
6430 12
6431 12
6432 12
6433 1
6434 12
6435 0
6436 0
6437 12
6438 0
6439 1
6440 12
6441 8
6442 12
6443 12
6444 0
6445 12
6446 12
6447 12
6448 1
6449 12
6450 12
6451 1
6452 12
6453 17
6454 12
6455 0
6456 1
6457 0
6458 12
6459 6
6460 6
6461 12
6462 1
6463 18
6464 12
6465 1
6466 12
6467 12
6468 1
6469 1
6470 12
6471 12
6472 9
6473 12
6474 0
6475 17
6476 12
6477 12
6478 18
6479 18
6480 12
6481 1
6482 12
6483 12
6484 12
6485 12
6486 8
6487 12
6488 19
6489 1
6490 11
6491 17
6492 1
6493 12
6494 12
6495 0
6496 12
6497 12
6498 12
6499 13
6500 1
6501 17
6502 12
6503 12
6504 7
6505 12
6506 12
6507 12
6508 12
6509 1
6510 3
6511 1
6512 18
6513 0
6514 1
6515 1
6516 1
6517 12
6518 12
6519 9
6520 12
6521 12
6522 0
6523 18
6524 12
6525 11
6526 12
6527 12
6528 12
6529 1
6530 1
6531 12
6532 0
6533 11
6534 0
6535 0
6536 6
6537 1
6538 11
6539 1
6540 0
6541 12
6542 12
6543 19
6544 12
6545 12
6546 1
6547 12
6548 12
6549 12
6550 12
6551 11
6552 12
6553 11
6554 12
6555 0
6556 9
6557 12
6558 11
6559 12
6560 12
6561 1
6562 12
6563 12
6564 12
6565 12
6566 12
6567 13
6568 17
6569 12
6570 12
6571 12
6572 12
6573 12
6574 19
6575 18
6576 1
6577 1
6578 3
6579 7
6580 12
6581 12
6582 12
6583 18
6584 12
6585 12
6586 9
6587 12
6588 1
6589 12
6590 12
6591 12
6592 12
6593 12
6594 1
6595 12
6596 12
6597 12
6598 12
6599 12
6600 1
6601 1
6602 12
6603 12
6604 12
6605 12
6606 12
6607 12
6608 17
6609 12
6610 1
6611 12
6612 12
6613 0
6614 1
6615 12
6616 12
6617 12
6618 18
6619 18
6620 1
6621 12
6622 11
6623 11
6624 18
6625 12
6626 9
6627 12
6628 12
6629 1
6630 12
6631 19
6632 12
6633 18
6634 12
6635 12
6636 12
6637 12
6638 12
6639 19
6640 19
6641 1
6642 9
6643 12
6644 12
6645 0
6646 19
6647 12
6648 12
6649 12
6650 12
6651 11
6652 12
6653 18
6654 0
6655 18
6656 12
6657 9
6658 12
6659 1
6660 12
6661 19
6662 0
6663 12
6664 12
6665 12
6666 12
6667 11
6668 12
6669 13
6670 12
6671 19
6672 19
6673 12
6674 12
6675 17
6676 19
6677 12
6678 3
6679 12
6680 1
6681 17
6682 18
6683 1
6684 1
6685 1
6686 12
6687 1
6688 12
6689 1
6690 12
6691 12
6692 12
6693 12
6694 12
6695 12
6696 12
6697 12
6698 4
6699 1
6700 1
6701 17
6702 12
6703 12
6704 12
6705 12
6706 12
6707 12
6708 18
6709 12
6710 12
6711 3
6712 9
6713 12
6714 12
6715 1
6716 12
6717 12
6718 0
6719 17
6720 1
6721 11
6722 17
6723 1
6724 1
6725 1
6726 12
6727 12
6728 1
6729 12
6730 11
6731 12
6732 1
6733 12
6734 12
6735 12
6736 1
6737 12
6738 1
6739 1
6740 13
6741 1
6742 12
6743 7
6744 12
6745 12
6746 7
6747 12
6748 1
6749 12
6750 1
6751 12
6752 1
6753 12
6754 12
6755 1
6756 11
6757 0
6758 3
6759 12
6760 12
6761 1
6762 12
6763 12
6764 11
6765 12
6766 1
6767 12
6768 18
6769 12
6770 11
6771 6
6772 12
6773 0
6774 19
6775 12
6776 19
6777 13
6778 12
6779 12
6780 0
6781 12
6782 12
6783 12
6784 12
6785 12
6786 12
6787 12
6788 12
6789 12
6790 12
6791 12
6792 12
6793 12
6794 12
6795 1
6796 18
6797 1
6798 12
6799 9
6800 12
6801 12
6802 12
6803 11
6804 18
6805 0
6806 12
6807 12
6808 1
6809 1
6810 12
6811 12
6812 12
6813 12
6814 11
6815 12
6816 12
6817 0
6818 12
6819 11
6820 12
6821 12
6822 13
6823 12
6824 12
6825 12
6826 12
6827 1
6828 12
6829 12
6830 1
6831 12
6832 6
6833 12
6834 12
6835 13
6836 19
6837 12
6838 1
6839 13
6840 12
6841 1
6842 12
6843 18
6844 1
6845 11
6846 12
6847 12
6848 12
6849 1
6850 12
6851 12
6852 11
6853 12
6854 18
6855 12
6856 11
6857 15
6858 12
6859 9
6860 12
6861 17
6862 3
6863 1
6864 1
6865 1
6866 12
6867 12
6868 12
6869 18
6870 2
6871 9
6872 1
6873 11
6874 12
6875 19
6876 12
6877 11
6878 11
6879 12
6880 12
6881 12
6882 12
6883 12
6884 19
6885 12
6886 12
6887 10
6888 12
6889 0
6890 12
6891 1
6892 14
6893 3
6894 17
6895 9
6896 12
6897 12
6898 12
6899 12
6900 12
6901 12
6902 1
6903 17
6904 12
6905 1
6906 12
6907 12
6908 19
6909 18
6910 10
6911 12
6912 12
6913 11
6914 11
6915 2
6916 2
6917 12
6918 12
6919 12
6920 13
6921 12
6922 12
6923 1
6924 12
6925 12
6926 12
6927 11
6928 12
6929 6
6930 1
6931 1
6932 12
6933 11
6934 12
6935 19
6936 0
6937 1
6938 1
6939 12
6940 12
6941 12
6942 12
6943 1
6944 12
6945 12
6946 12
6947 1
6948 12
6949 1
6950 12
6951 1
6952 12
6953 11
6954 1
6955 0
6956 19
6957 15
6958 12
6959 12
6960 12
6961 0
6962 9
6963 4
6964 3
6965 12
6966 6
6967 12
6968 19
6969 12
6970 12
6971 1
6972 12
6973 11
6974 12
6975 1
6976 1
6977 10
6978 11
6979 3
6980 0
6981 18
6982 10
6983 0
6984 12
6985 12
6986 12
6987 12
6988 12
6989 18
6990 12
6991 19
6992 12
6993 12
6994 18
6995 13
6996 9
6997 12
6998 12
6999 1
7000 0
7001 12
7002 12
7003 12
7004 1
7005 0
7006 12
7007 12
7008 1
7009 12
7010 12
7011 12
7012 1
7013 17
7014 0
7015 19
7016 12
7017 12
7018 12
7019 12
7020 12
7021 19
7022 1
7023 12
7024 12
7025 0
7026 0
7027 18
7028 9
7029 1
7030 12
7031 12
7032 18
7033 12
7034 19
7035 12
7036 12
7037 12
7038 1
7039 12
7040 12
7041 13
7042 12
7043 12
7044 12
7045 1
7046 12
7047 12
7048 1
7049 12
7050 12
7051 12
7052 1
7053 18
7054 17
7055 12
7056 12
7057 12
7058 12
7059 12
7060 1
7061 12
7062 12
7063 12
7064 12
7065 0
7066 17
7067 0
7068 12
7069 12
7070 12
7071 19
7072 12
7073 1
7074 1
7075 12
7076 12
7077 1
7078 0
7079 2
7080 12
7081 12
7082 1
7083 12
7084 12
7085 12
7086 12
7087 12
7088 12
7089 12
7090 12
7091 12
7092 17
7093 12
7094 19
7095 12
7096 17
7097 1
7098 12
7099 12
7100 12
7101 12
7102 1
7103 17
7104 12
7105 12
7106 12
7107 1
7108 12
7109 0
7110 1
7111 12
7112 18
7113 11
7114 0
7115 8
7116 1
7117 12
7118 12
7119 9
7120 17
7121 1
7122 0
7123 12
7124 12
7125 0
7126 1
7127 12
7128 12
7129 11
7130 12
7131 12
7132 12
7133 12
7134 1
7135 1
7136 18
7137 11
7138 11
7139 12
7140 11
7141 12
7142 19
7143 12
7144 13
7145 11
7146 1
7147 1
7148 1
7149 11
7150 12
7151 19
7152 9
7153 1
7154 2
7155 12
7156 1
7157 1
7158 12
7159 0
7160 19
7161 12
7162 1
7163 7
7164 0
7165 12
7166 12
7167 12
7168 18
7169 1
7170 12
7171 19
7172 1
7173 12
7174 0
7175 1
7176 12
7177 1
7178 1
7179 12
7180 12
7181 12
7182 12
7183 12
7184 2
7185 12
7186 12
7187 12
7188 12
7189 0
7190 12
7191 12
7192 0
7193 1
7194 0
7195 12
7196 12
7197 18
7198 12
7199 12
7200 12
7201 1
7202 12
7203 1
7204 19
7205 1
7206 1
7207 0
7208 12
7209 1
7210 1
7211 1
7212 12
7213 1
7214 12
7215 1
7216 12
7217 0
7218 0
7219 12
7220 12
7221 12
7222 12
7223 0
7224 1
7225 1
7226 12
7227 12
7228 12
7229 18
7230 1
7231 1
7232 12
7233 12
7234 12
7235 12
7236 12
7237 19
7238 12
7239 17
7240 12
7241 19
7242 12
7243 1
7244 12
7245 1
7246 11
7247 12
7248 12
7249 10
7250 1
7251 12
7252 1
7253 12
7254 5
7255 11
7256 11
7257 12
7258 12
7259 12
7260 18
7261 18
7262 12
7263 1
7264 12
7265 19
7266 12
7267 12
7268 1
7269 2
7270 12
7271 12
7272 12
7273 12
7274 9
7275 19
7276 12
7277 18
7278 12
7279 12
7280 12
7281 12
7282 3
7283 12
7284 12
7285 0
7286 12
7287 19
7288 1
7289 12
7290 1
7291 12
7292 1
7293 17
7294 12
7295 1
7296 12
7297 12
7298 12
7299 12
7300 11
7301 12
7302 19
7303 1
7304 19
7305 18
7306 11
7307 18
7308 11
7309 12
7310 4
7311 12
7312 1
7313 6
7314 17
7315 12
7316 11
7317 11
7318 12
7319 11
7320 12
7321 1
7322 8
7323 19
7324 1
7325 12
7326 12
7327 12
7328 12
7329 12
7330 12
7331 11
7332 12
7333 13
7334 13
7335 1
7336 12
7337 12
7338 6
7339 18
7340 19
7341 18
7342 12
7343 3
7344 7
7345 12
7346 12
7347 12
7348 11
7349 11
7350 1
7351 12
7352 12
7353 1
7354 12
7355 7
7356 1
7357 12
7358 12
7359 12
7360 12
7361 12
7362 12
7363 9
7364 1
7365 12
7366 12
7367 12
7368 1
7369 12
7370 13
7371 11
7372 11
7373 12
7374 12
7375 12
7376 12
7377 1
7378 12
7379 12
7380 12
7381 9
7382 11
7383 11
7384 11
7385 18
7386 12
7387 12
7388 12
7389 12
7390 12
7391 12
7392 1
7393 12
7394 12
7395 12
7396 12
7397 1
7398 11
7399 18
7400 12
7401 12
7402 12
7403 12
7404 19
7405 9
7406 12
7407 1
7408 12
7409 12
7410 12
7411 12
7412 12
7413 1
7414 12
7415 12
7416 1
7417 1
7418 1
7419 1
7420 0
7421 18
7422 1
7423 12
7424 12
7425 1
7426 1
7427 12
7428 18
7429 12
7430 1
7431 5
7432 12
7433 12
7434 12
7435 1
7436 12
7437 11
7438 12
7439 1
7440 12
7441 2
7442 12
7443 12
7444 12
7445 12
7446 12
7447 12
7448 12
7449 12
7450 12
7451 12
7452 12
7453 12
7454 12
7455 12
7456 12
7457 1
7458 12
7459 1
7460 12
7461 12
7462 12
7463 12
7464 9
7465 0
7466 1
7467 12
7468 1
7469 13
7470 12
7471 18
7472 1
7473 12
7474 19
7475 12
7476 18
7477 12
7478 12
7479 12
7480 12
7481 11
7482 12
7483 12
7484 12
7485 12
7486 1
7487 12
7488 12
7489 12
7490 12
7491 18
7492 12
7493 1
7494 12
7495 12
7496 12
7497 12
7498 12
7499 1
7500 12
7501 1
7502 12
7503 18
7504 1
7505 18
7506 1
7507 11
7508 12
7509 1
7510 12
7511 12
7512 0
7513 12
7514 12
7515 12
7516 12
7517 12
7518 1
7519 1
7520 18
7521 12
7522 0
7523 12
7524 17
7525 12
7526 1
7527 12
7528 0
7529 11
7530 11
7531 1
7532 1
7533 12
7534 18
7535 12
7536 12
7537 1
7538 19
7539 1
7540 19
7541 1
7542 1
7543 1
7544 1
7545 9
7546 12
7547 1
7548 9
7549 9
7550 8
7551 12
7552 1
7553 12
7554 9
7555 12
7556 12
7557 19
7558 1
7559 12
7560 12
7561 12
7562 12
7563 12
7564 18
7565 18
7566 12
7567 12
7568 18
7569 0
7570 17
7571 19
7572 19
7573 19
7574 12
7575 12
7576 1
7577 1
7578 12
7579 12
7580 12
7581 19
7582 12
7583 12
7584 12
7585 12
7586 3
7587 18
7588 12
7589 12
7590 12
7591 11
7592 12
7593 12
7594 12
7595 12
7596 12
7597 1
7598 1
7599 12
7600 19
7601 12
7602 12
7603 12
7604 13
7605 19
7606 18
7607 12
7608 12
7609 12
7610 1
7611 12
7612 12
7613 1
7614 3
7615 12
7616 12
7617 12
7618 12
7619 13
7620 12
7621 19
7622 12
7623 0
7624 1
7625 1
7626 11
7627 12
7628 13
7629 19
7630 12
7631 12
7632 3
7633 12
7634 1
7635 1
7636 12
7637 12
7638 19
7639 1
7640 12
7641 12
7642 12
7643 1
7644 12
7645 18
7646 1
7647 12
7648 1
7649 12
7650 1
7651 12
7652 12
7653 1
7654 12
7655 12
7656 19
7657 11
7658 12
7659 18
7660 1
7661 12
7662 12
7663 0
7664 12
7665 18
7666 12
7667 12
7668 3
7669 12
7670 12
7671 12
7672 12
7673 0
7674 12
7675 12
7676 1
7677 1
7678 12
7679 1
7680 1
7681 1
7682 1
7683 18
7684 12
7685 12
7686 12
7687 9
7688 19
7689 12
7690 12
7691 12
7692 19
7693 12
7694 17
7695 0
7696 11
7697 12
7698 1
7699 1
7700 11
7701 19
7702 11
7703 9
7704 1
7705 1
7706 12
7707 3
7708 1
7709 12
7710 7
7711 12
7712 12
7713 12
7714 12
7715 12
7716 11
7717 12
7718 11
7719 19
7720 12
7721 12
7722 1
7723 19
7724 12
7725 12
7726 19
7727 12
7728 1
7729 12
7730 12
7731 9
7732 12
7733 12
7734 12
7735 1
7736 12
7737 12
7738 11
7739 12
7740 1
7741 12
7742 12
7743 12
7744 12
7745 12
7746 1
7747 19
7748 12
7749 12
7750 1
7751 1
7752 12
7753 12
7754 12
7755 12
7756 15
7757 0
7758 18
7759 12
7760 16
7761 1
7762 12
7763 1
7764 12
7765 0
7766 1
7767 1
7768 18
7769 1
7770 1
7771 12
7772 12
7773 12
7774 1
7775 17
7776 12
7777 9
7778 12
7779 1
7780 19
7781 19
7782 9
7783 12
7784 0
7785 12
7786 12
7787 11
7788 18
7789 3
7790 12
7791 9
7792 9
7793 3
7794 19
7795 12
7796 12
7797 12
7798 12
7799 12
7800 12
7801 12
7802 19
7803 1
7804 0
7805 19
7806 17
7807 1
7808 12
7809 18
7810 12
7811 12
7812 12
7813 12
7814 1
7815 12
7816 12
7817 12
7818 12
7819 1
7820 18
7821 9
7822 12
7823 19
7824 12
7825 2
7826 19
7827 12
7828 12
7829 12
7830 12
7831 12
7832 12
7833 12
7834 11
7835 19
7836 12
7837 12
7838 9
7839 0
7840 12
7841 12
7842 12
7843 2
7844 12
7845 19
7846 1
7847 12
7848 12
7849 12
7850 1
7851 18
7852 9
7853 12
7854 18
7855 12
7856 7
7857 12
7858 19
7859 2
7860 12
7861 6
7862 13
7863 12
7864 12
7865 1
7866 12
7867 12
7868 1
7869 18
7870 1
7871 12
7872 12
7873 12
7874 12
7875 12
7876 12
7877 4
7878 1
7879 12
7880 2
7881 19
7882 1
7883 18
7884 12
7885 5
7886 18
7887 12
7888 9
7889 12
7890 6
7891 12
7892 12
7893 0
7894 0
7895 12
7896 1
7897 12
7898 1
7899 12
7900 1
7901 1
7902 12
7903 9
7904 19
7905 9
7906 12
7907 12
7908 12
7909 12
7910 12
7911 0
7912 3
7913 12
7914 2
7915 17
7916 17
7917 12
7918 11
7919 12
7920 1
7921 18
7922 12
7923 12
7924 12
7925 18
7926 1
7927 12
7928 12
7929 18
7930 12
7931 0
7932 0
7933 12
7934 12
7935 12
7936 11
7937 1
7938 12
7939 11
7940 18
7941 12
7942 12
7943 1
7944 17
7945 12
7946 12
7947 11
7948 12
7949 12
7950 12
7951 4
7952 12
7953 1
7954 1
7955 12
7956 12
7957 1
7958 1
7959 1
7960 12
7961 12
7962 18
7963 1
7964 9
7965 12
7966 1
7967 12
7968 1
7969 1
7970 11
7971 19
7972 1
7973 1
7974 1
7975 12
7976 11
7977 19
7978 12
7979 18
7980 0
7981 18
7982 12
7983 12
7984 9
7985 1
7986 2
7987 1
7988 0
7989 12
7990 0
7991 12
7992 12
7993 12
7994 7
7995 12
7996 12
7997 12
7998 1
7999 18
8000 12
8001 11
8002 1
8003 18
8004 12
8005 0
8006 12
8007 1
8008 12
8009 17
8010 0
8011 12
8012 1
8013 12
8014 11
8015 2
8016 1
8017 12
8018 1
8019 1
8020 12
8021 1
8022 12
8023 18
8024 1
8025 1
8026 12
8027 17
8028 12
8029 13
8030 12
8031 1
8032 12
8033 1
8034 1
8035 12
8036 1
8037 12
8038 12
8039 9
8040 12
8041 12
8042 11
8043 12
8044 12
8045 12
8046 1
8047 12
8048 12
8049 12
8050 1
8051 11
8052 12
8053 1
8054 1
8055 19
8056 12
8057 1
8058 3
8059 12
8060 12
8061 12
8062 12
8063 9
8064 12
8065 11
8066 12
8067 12
8068 12
8069 12
8070 12
8071 11
8072 17
8073 0
8074 1
8075 18
8076 1
8077 12
8078 1
8079 12
8080 12
8081 12
8082 12
8083 1
8084 9
8085 12
8086 5
8087 1
8088 11
8089 10
8090 12
8091 1
8092 11
8093 12
8094 0
8095 18
8096 12
8097 1
8098 9
8099 19
8100 0
8101 12
8102 12
8103 19
8104 12
8105 18
8106 2
8107 12
8108 12
8109 17
8110 1
8111 12
8112 12
8113 12
8114 12
8115 12
8116 19
8117 1
8118 12
8119 11
8120 11
8121 11
8122 12
8123 12
8124 19
8125 13
8126 12
8127 2
8128 12
8129 12
8130 12
8131 12
8132 12
8133 7
8134 12
8135 18
8136 12
8137 1
8138 1
8139 12
8140 1
8141 12
8142 7
8143 12
8144 7
8145 12
8146 12
8147 12
8148 11
8149 1
8150 12
8151 12
8152 18
8153 1
8154 12
8155 11
8156 12
8157 19
8158 12
8159 11
8160 1
8161 0
8162 12
8163 12
8164 12
8165 11
8166 12
8167 12
8168 12
8169 11
8170 12
8171 12
8172 1
8173 12
8174 12
8175 12
8176 12
8177 11
8178 19
8179 1
8180 12
8181 12
8182 18
8183 12
8184 1
8185 12
8186 12
8187 12
8188 0
8189 12
8190 1
8191 9
8192 12
8193 13
8194 12
8195 1
8196 19
8197 12
8198 19
8199 12
8200 12
8201 0
8202 12
8203 13
8204 12
8205 12
8206 19
8207 19
8208 0
8209 12
8210 12
8211 1
8212 17
8213 12
8214 12
8215 12
8216 12
8217 12
8218 12
8219 17
8220 18
8221 12
8222 12
8223 19
8224 12
8225 12
8226 12
8227 0
8228 12
8229 12
8230 1
8231 12
8232 12
8233 12
8234 1
8235 11
8236 12
8237 12
8238 1
8239 1
8240 1
8241 12
8242 17
8243 11
8244 12
8245 9
8246 11
8247 1
8248 12
8249 12
8250 12
8251 1
8252 1
8253 2
8254 12
8255 9
8256 12
8257 12
8258 1
8259 12
8260 12
8261 12
8262 9
8263 12
8264 12
8265 12
8266 12
8267 1
8268 12
8269 12
8270 12
8271 12
8272 1
8273 19
8274 12
8275 12
8276 1
8277 19
8278 1
8279 18
8280 12
8281 17
8282 1
8283 11
8284 12
8285 6
8286 1
8287 12
8288 12
8289 12
8290 3
8291 12
8292 12
8293 12
8294 1
8295 1
8296 1
8297 7
8298 1
8299 1
8300 12
8301 12
8302 0
8303 4
8304 12
8305 12
8306 19
8307 15
8308 18
8309 12
8310 5
8311 2
8312 12
8313 19
8314 12
8315 19
8316 9
8317 12
8318 12
8319 13
8320 1
8321 4
8322 17
8323 19
8324 1
8325 19
8326 1
8327 12
8328 12
8329 5
8330 0
8331 19
8332 1
8333 11
8334 1
8335 12
8336 13
8337 13
8338 3
8339 12
8340 12
8341 11
8342 12
8343 19
8344 12
8345 12
8346 18
8347 12
8348 12
8349 19
8350 12
8351 12
8352 12
8353 12
8354 1
8355 1
8356 12
8357 12
8358 14
8359 12
8360 14
8361 1
8362 12
8363 11
8364 19
8365 7
8366 1
8367 0
8368 12
8369 0
8370 1
8371 1
8372 12
8373 1
8374 0
8375 12
8376 1
8377 12
8378 12
8379 12
8380 12
8381 0
8382 1
8383 8
8384 12
8385 18
8386 0
8387 12
8388 12
8389 12
8390 12
8391 1
8392 18
8393 12
8394 1
8395 12
8396 12
8397 17
8398 12
8399 12
8400 1
8401 12
8402 12
8403 12
8404 11
8405 12
8406 11
8407 12
8408 12
8409 12
8410 12
8411 1
8412 12
8413 0
8414 0
8415 12
8416 12
8417 11
8418 1
8419 1
8420 1
8421 12
8422 12
8423 12
8424 1
8425 1
8426 12
8427 0
8428 12
8429 12
8430 1
8431 12
8432 11
8433 1
8434 12
8435 19
8436 12
8437 11
8438 12
8439 0
8440 12
8441 17
8442 1
8443 17
8444 12
8445 0
8446 4
8447 12
8448 12
8449 12
8450 12
8451 12
8452 12
8453 12
8454 1
8455 1
8456 19
8457 17
8458 12
8459 12
8460 1
8461 5
8462 12
8463 12
8464 1
8465 12
8466 15
8467 12
8468 12
8469 12
8470 1
8471 0
8472 12
8473 12
8474 1
8475 3
8476 11
8477 12
8478 12
8479 1
8480 12
8481 12
8482 1
8483 12
8484 12
8485 12
8486 1
8487 12
8488 12
8489 19
8490 1
8491 18
8492 1
8493 0
8494 12
8495 12
8496 13
8497 12
8498 12
8499 1
8500 12
8501 12
8502 12
8503 4
8504 12
8505 12
8506 19
8507 19
8508 18
8509 0
8510 12
8511 12
8512 12
8513 10
8514 12
8515 19
8516 1
8517 12
8518 12
8519 1
8520 12
8521 1
8522 0
8523 2
8524 18
8525 9
8526 12
8527 12
8528 12
8529 2
8530 12
8531 12
8532 12
8533 12
8534 1
8535 12
8536 12
8537 12
8538 1
8539 0
8540 12
8541 12
8542 18
8543 11
8544 1
8545 12
8546 12
8547 12
8548 1
8549 18
8550 18
8551 12
8552 12
8553 13
8554 7
8555 19
8556 12
8557 12
8558 12
8559 18
8560 2
8561 19
8562 1
8563 12
8564 1
8565 12
8566 1
8567 1
8568 19
8569 18
8570 1
8571 11
8572 1
8573 12
8574 12
8575 9
8576 6
8577 12
8578 12
8579 1
8580 12
8581 1
8582 12
8583 12
8584 13
8585 12
8586 12
8587 12
8588 1
8589 6
8590 11
8591 6
8592 1
8593 11
8594 2
8595 12
8596 12
8597 12
8598 12
8599 9
8600 12
8601 12
8602 12
8603 7
8604 12
8605 12
8606 1
8607 12
8608 17
8609 1
8610 12
8611 1
8612 9
8613 1
8614 12
8615 12
8616 12
8617 1
8618 12
8619 12
8620 12
8621 19
8622 12
8623 12
8624 12
8625 12
8626 1
8627 18
8628 19
8629 12
8630 12
8631 1
8632 12
8633 0
8634 18
8635 1
8636 12
8637 19
