0 12
1 12
2 12
3 12
4 12
5 1
6 1
7 12
8 12
9 12
10 12
11 12
12 18
13 12
14 4
15 18
16 1
17 12
18 19
19 12
20 1
21 12
22 12
23 12
24 18
25 12
26 1
27 18
28 3
29 12
30 12
31 1
32 12
33 12
34 5
35 18
36 1
37 12
38 18
39 1
40 12
41 12
42 12
43 12
44 1
45 12
46 18
47 12
48 1
49 1
50 12
51 8
52 12
53 12
54 12
55 12
56 12
57 1
58 4
59 12
60 1
61 12
62 12
63 12
64 12
65 12
66 1
67 18
68 1
69 17
70 12
71 12
72 18
73 12
74 12
75 12
76 1
77 9
78 18
79 1
80 12
81 12
82 9
83 1
84 12
85 19
86 1
87 12
88 18
89 12
90 12
91 1
92 12
93 3
94 11
95 1
96 12
97 12
98 1
99 9
100 7
101 1
102 12
103 12
104 12
105 1
106 12
107 12
108 12
109 1
110 12
111 1
112 18
113 12
114 1
115 12
116 1
117 12
118 1
119 12
120 12
121 12
122 7
123 1
124 18
125 12
126 1
127 12
128 12
129 12
130 12
131 12
132 1
133 12
134 14
135 12
136 12
137 1
138 12
139 12
140 1
141 12
142 1
143 12
144 12
145 12
146 1
147 1
148 12
149 12
150 1
151 1
152 12
153 12
154 10
155 18
156 12
157 12
158 6
159 9
160 3
161 12
162 1
163 18
164 12
165 12
166 1
167 12
168 1
169 14
170 12
171 12
172 12
173 1
174 12
175 4
176 12
177 1
178 12
179 12
180 12
181 12
182 9
183 12
184 12
185 12
186 1
187 18
188 1
189 19
190 1
191 12
192 12
193 1
194 17
195 1
196 12
197 12
198 12
199 12
200 1
201 12
202 12
203 12
204 12
205 2
206 12
207 12
208 12
209 1
210 12
211 12
212 6
213 12
214 1
215 1
216 1
217 12
218 12
219 9
220 12
221 12
222 12
223 12
224 18
225 12
226 12
227 1
228 12
229 18
230 12
231 12
232 12
233 12
234 12
235 12
236 12
237 12
238 12
239 12
240 1
241 12
242 12
243 12
244 12
245 12
246 12
247 12
248 12
249 12
250 1
251 12
252 12
253 12
254 12
255 9
256 18
257 1
258 19
259 12
260 12
261 12
262 12
263 12
264 17
265 1
266 12
267 1
268 12
269 12
270 12
271 1
272 12
273 12
274 12
275 12
276 1
277 12
278 12
279 12
280 12
281 18
282 1
283 12
284 12
285 12
286 18
287 12
288 12
289 1
290 12
291 12
292 1
293 16
294 12
295 12
296 12
297 1
298 1
299 12
300 1
301 12
302 12
303 19
304 12
305 10
306 12
307 18
308 12
309 12
310 1
311 9
312 18
313 1
314 18
315 12
316 12
317 12
318 18
319 12
320 12
321 12
322 18
323 1
324 12
325 1
326 12
327 12
328 12
329 12
330 18
331 12
332 9
333 18
334 1
335 12
336 1
337 12
338 12
339 12
340 12
341 6
342 12
343 1
344 12
345 1
346 12
347 18
348 12
349 12
350 3
351 1
352 12
353 12
354 12
355 12
356 12
357 12
358 1
359 12
360 9
361 4
362 12
363 12
364 1
365 5
366 1
367 12
368 12
369 12
370 12
371 12
372 12
373 12
374 12
375 12
376 12
377 12
378 12
379 12
380 12
381 17
382 18
383 12
384 12
385 12
386 12
387 1
388 12
389 12
390 18
391 12
392 12
393 18
394 12
395 12
396 12
397 1
398 12
399 3
400 12
401 12
402 5
403 9
404 1
405 1
406 0
407 12
408 12
409 18
410 12
411 12
412 12
413 12
414 12
415 1
416 12
417 3
418 12
419 19
420 12
421 12
422 1
423 1
424 12
425 12
426 12
427 18
428 1
429 12
430 1
431 1
432 12
433 19
434 12
435 12
436 12
437 12
438 12
439 1
440 5
441 4
442 9
443 1
444 12
445 12
446 1
447 12
448 1
449 18
450 18
451 12
452 1
453 12
454 12
455 12
456 12
457 12
458 12
459 12
460 12
461 4
462 9
463 1
464 12
465 12
466 12
467 1
468 12
469 12
470 3
471 0
472 12
473 18
474 1
475 1
476 12
477 1
478 12
479 1
480 12
481 12
482 12
483 12
484 12
485 1
486 12
487 12
488 12
489 1
490 12
491 12
492 12
493 1
494 12
495 17
496 12
497 12
498 1
499 12
500 12
501 4
502 1
503 12
504 12
505 1
506 12
507 3
508 12
509 12
510 12
511 18
512 18
513 12
514 19
515 12
516 12
517 1
518 12
519 7
520 12
521 5
522 19
523 7
524 12
525 1
526 3
527 18
528 12
529 1
530 18
531 12
532 12
533 12
534 1
535 1
536 1
537 12
538 18
539 11
540 12
541 1
542 12
543 12
544 12
545 1
546 12
547 1
548 17
549 1
550 12
551 12
552 18
553 12
554 12
555 12
556 12
557 18
558 12
559 1
560 12
561 1
562 19
563 19
564 12
565 3
566 12
567 12
568 1
569 12
570 1
571 12
572 12
573 1
574 12
575 1
576 12
577 12
578 12
579 17
580 12
581 1
582 1
583 19
584 12
585 1
586 1
587 18
588 12
589 12
590 1
591 12
592 18
593 1
594 12
595 12
596 12
597 12
598 6
599 12
600 19
601 18
602 12
603 12
604 18
605 1
606 13
607 1
608 2
609 12
610 1
611 12
612 1
613 12
614 8
615 12
616 1
617 12
618 12
619 12
620 0
621 12
622 12
623 12
624 18
625 12
626 12
627 12
628 12
629 12
630 12
631 12
632 12
633 1
634 12
635 1
636 12
637 1
638 12
639 18
640 12
641 12
642 1
643 12
644 12
645 12
646 12
647 12
648 12
649 12
650 9
651 18
652 12
653 1
654 12
655 12
656 7
657 12
658 12
659 12
660 12
661 12
662 12
663 12
664 12
665 1
666 12
667 9
668 12
669 19
670 1
671 12
672 18
673 12
674 12
675 12
676 1
677 12
678 12
679 1
680 12
681 13
682 12
683 12
684 12
685 1
686 12
687 12
688 12
689 12
690 1
691 12
692 12
693 1
694 13
695 12
696 12
697 12
698 1
699 12
700 1
701 1
702 12
703 12
704 12
705 17
706 12
707 18
708 12
709 12
710 1
711 12
712 1
713 12
714 12
715 12
716 12
717 12
718 12
719 12
720 1
721 12
722 12
723 12
724 9
725 12
726 12
727 1
728 12
729 18
730 12
731 1
732 18
733 1
734 12
735 18
736 7
737 1
738 12
739 1
740 12
741 12
742 4
743 12
744 12
745 1
746 2
747 12
748 12
749 1
750 1
751 12
752 12
753 1
754 18
755 1
756 12
757 1
758 12
759 4
760 12
761 12
762 1
763 11
764 1
765 12
766 12
767 12
768 12
769 18
770 12
771 12
772 8
773 12
774 17
775 1
776 12
777 1
778 18
779 12
780 0
781 12
782 19
783 1
784 12
785 12
786 12
787 1
788 12
789 12
790 12
791 1
792 12
793 12
794 1
795 1
796 12
797 19
798 19
799 12
800 12
801 12
802 12
803 19
804 1
805 18
806 12
807 12
808 18
809 12
810 18
811 12
812 12
813 1
814 1
815 3
816 18
817 3
818 1
819 3
820 1
821 12
822 12
823 1
824 12
825 12
826 2
827 12
828 1
829 1
830 12
831 1
832 12
833 1
834 1
835 12
836 12
837 1
838 12
839 12
840 12
841 12
842 12
843 12
844 12
845 12
846 1
847 1
848 12
849 12
850 0
851 12
852 2
853 12
854 12
855 12
856 4
857 12
858 12
859 12
860 12
861 12
862 1
863 12
864 12
865 12
866 12
867 12
868 12
869 12
870 1
871 17
872 1
873 10
874 12
875 12
876 12
877 1
878 12
879 1
880 12
881 1
882 1
883 12
884 12
885 12
886 12
887 12
888 12
889 12
890 12
891 12
892 18
893 12
894 12
895 18
896 12
897 1
898 12
899 18
900 12
901 1
902 12
903 18
904 12
905 12
906 1
907 18
908 12
909 12
910 12
911 12
912 1
913 12
914 9
915 12
916 9
917 1
918 1
919 7
920 12
921 12
922 12
923 8
924 12
925 12
926 1
927 12
928 1
929 4
930 18
931 17
932 17
933 12
934 18
935 12
936 18
937 1
938 12
939 12
940 12
941 12
942 12
943 18
944 12
945 1
946 1
947 18
948 4
949 17
950 12
951 12
952 12
953 19
954 12
955 12
956 1
957 9
958 12
959 12
960 1
961 12
962 12
963 12
964 14
965 12
966 6
967 1
968 1
969 3
970 12
971 11
972 1
973 6
974 12
975 12
976 4
977 1
978 12
979 12
980 1
981 12
982 7
983 12
984 12
985 12
986 12
987 18
988 12
989 0
990 18
991 18
992 12
993 12
994 12
995 12
996 12
997 17
998 12
999 1
1000 12
1001 19
1002 12
1003 19
1004 1
1005 12
1006 12
1007 1
1008 1
1009 1
1010 1
1011 19
1012 1
1013 12
1014 12
1015 12
1016 12
1017 18
1018 12
1019 1
1020 0
1021 1
1022 18
1023 1
1024 12
1025 12
1026 12
1027 1
1028 12
1029 1
1030 18
1031 12
1032 1
1033 2
1034 1
1035 12
1036 9
1037 1
1038 1
1039 12
1040 1
1041 12
1042 19
1043 1
1044 12
1045 1
1046 1
1047 18
1048 12
1049 19
1050 1
1051 9
1052 12
1053 12
1054 12
1055 0
1056 0
1057 12
1058 12
1059 12
1060 12
1061 12
1062 12
1063 12
1064 12
1065 12
1066 5
1067 12
1068 1
1069 4
1070 12
1071 17
1072 1
1073 12
1074 12
1075 1
1076 12
1077 12
1078 12
1079 6
1080 12
1081 12
1082 7
1083 18
1084 1
1085 12
1086 12
1087 1
1088 12
1089 12
1090 1
1091 1
1092 19
1093 12
1094 6
1095 12
1096 12
1097 12
1098 12
1099 13
1100 1
1101 12
1102 12
1103 12
1104 1
1105 12
1106 12
1107 18
1108 12
1109 12
1110 12
1111 12
1112 12
1113 12
1114 10
1115 12
1116 1
1117 12
1118 12
1119 12
1120 12
1121 12
1122 12
1123 12
1124 12
1125 12
1126 1
1127 12
1128 1
1129 12
1130 12
1131 12
1132 12
1133 1
1134 17
1135 12
1136 18
1137 18
1138 12
1139 12
1140 12
1141 1
1142 12
1143 1
1144 1
1145 12
1146 18
1147 12
1148 12
1149 12
1150 1
1151 12
1152 14
1153 12
1154 12
1155 12
1156 12
1157 12
1158 12
1159 12
1160 18
1161 18
1162 1
1163 12
1164 12
1165 9
1166 12
1167 1
1168 1
1169 12
1170 12
1171 12
1172 12
1173 1
1174 12
1175 12
1176 12
1177 12
1178 12
1179 1
1180 12
1181 1
1182 9
1183 12
1184 1
1185 12
1186 1
1187 12
1188 12
1189 12
1190 1
1191 12
1192 18
1193 12
1194 0
1195 12
1196 12
1197 12
1198 12
1199 18
1200 1
1201 17
1202 12
1203 9
1204 19
1205 18
1206 12
1207 12
1208 1
1209 19
1210 12
1211 12
1212 12
1213 12
1214 12
1215 12
1216 1
1217 1
1218 12
1219 1
1220 12
1221 12
1222 12
1223 19
1224 11
1225 12
1226 12
1227 12
1228 12
1229 12
1230 12
1231 18
1232 12
1233 12
1234 12
1235 12
1236 12
1237 12
1238 12
1239 1
1240 19
1241 12
1242 12
1243 12
1244 12
1245 12
1246 12
1247 18
1248 12
1249 1
1250 17
1251 18
1252 12
1253 12
1254 12
1255 1
1256 1
1257 12
1258 12
1259 1
1260 12
1261 4
1262 12
1263 18
1264 9
1265 12
1266 12
1267 12
1268 6
1269 18
1270 1
1271 9
1272 1
1273 1
1274 12
1275 1
1276 1
1277 9
1278 12
1279 12
1280 18
1281 18
1282 11
1283 12
1284 12
1285 7
1286 12
1287 6
1288 1
1289 12
1290 1
1291 16
1292 1
1293 11
1294 12
1295 12
1296 12
1297 12
1298 1
1299 12
1300 12
1301 18
1302 12
1303 12
1304 12
1305 12
1306 12
1307 12
1308 12
1309 1
1310 12
1311 9
1312 1
1313 12
1314 12
1315 12
1316 1
1317 3
1318 12
1319 12
1320 1
1321 12
1322 12
1323 12
1324 12
1325 1
1326 1
1327 1
1328 12
1329 1
1330 12
1331 12
1332 12
1333 3
1334 12
1335 12
1336 12
1337 12
1338 11
1339 18
1340 3
1341 12
1342 12
1343 12
1344 7
1345 19
1346 1
1347 12
1348 12
1349 19
1350 12
1351 12
1352 12
1353 12
1354 12
1355 18
1356 12
1357 12
1358 12
1359 1
1360 12
1361 12
1362 12
1363 18
1364 12
1365 12
1366 7
1367 12
1368 11
1369 12
1370 18
1371 1
1372 12
1373 12
1374 1
1375 1
1376 12
1377 12
1378 12
1379 12
1380 12
1381 16
1382 18
1383 1
1384 12
1385 19
1386 12
1387 12
1388 1
1389 1
1390 7
1391 12
1392 18
1393 12
1394 1
1395 1
1396 4
1397 12
1398 7
1399 12
1400 1
1401 12
1402 1
1403 12
1404 12
1405 12
1406 12
1407 12
1408 9
1409 12
1410 12
1411 12
1412 12
1413 12
1414 1
1415 12
1416 12
1417 12
1418 12
1419 18
1420 12
1421 12
1422 1
1423 18
1424 12
1425 3
1426 12
1427 12
1428 12
1429 1
1430 1
1431 1
1432 1
1433 12
1434 12
1435 12
1436 19
1437 1
1438 12
1439 19
1440 12
1441 19
1442 1
1443 12
1444 12
1445 1
1446 1
1447 12
1448 12
1449 1
1450 12
1451 12
1452 1
1453 12
1454 12
1455 12
1456 12
1457 12
1458 18
1459 12
1460 1
1461 12
1462 12
1463 18
1464 12
1465 12
1466 10
1467 12
1468 12
1469 12
1470 12
1471 12
1472 4
1473 9
1474 12
1475 18
1476 1
1477 18
1478 12
1479 12
1480 18
1481 12
1482 19
1483 9
1484 1
1485 12
1486 1
1487 12
1488 12
1489 12
1490 12
1491 1
1492 12
1493 12
1494 12
1495 12
1496 6
1497 12
1498 12
1499 12
1500 12
1501 18
1502 12
1503 1
1504 19
1505 19
1506 9
1507 18
1508 1
1509 8
1510 12
1511 7
1512 12
1513 1
1514 19
1515 12
1516 12
1517 17
1518 3
1519 12
1520 19
1521 12
1522 12
1523 12
1524 18
1525 1
1526 12
1527 12
1528 12
1529 1
1530 2
1531 18
1532 1
1533 12
1534 12
1535 12
1536 12
1537 12
1538 12
1539 6
1540 12
1541 12
1542 12
1543 1
1544 10
1545 12
1546 12
1547 12
1548 19
1549 12
1550 12
1551 12
1552 1
1553 12
1554 12
1555 12
1556 1
1557 12
1558 1
1559 18
1560 18
1561 12
1562 12
1563 12
1564 12
1565 1
1566 12
1567 1
1568 19
1569 12
1570 18
1571 17
1572 18
1573 12
1574 12
1575 12
1576 12
1577 2
1578 11
1579 12
1580 2
1581 17
1582 9
1583 12
1584 19
1585 12
1586 12
1587 1
1588 12
1589 12
1590 19
1591 1
1592 12
1593 12
1594 1
1595 5
1596 1
1597 1
1598 12
1599 1
1600 19
1601 1
1602 18
1603 12
1604 12
1605 9
1606 1
1607 18
1608 1
1609 18
1610 12
1611 7
1612 12
1613 10
1614 6
1615 1
1616 18
1617 12
1618 1
1619 19
1620 1
1621 1
1622 12
1623 12
1624 18
1625 12
1626 1
1627 1
1628 12
1629 12
1630 12
1631 18
1632 13
1633 12
1634 19
1635 12
1636 1
1637 12
1638 12
1639 12
1640 1
1641 12
1642 12
1643 10
1644 0
1645 18
1646 12
1647 18
1648 12
1649 1
1650 12
1651 1
1652 1
1653 4
1654 1
1655 12
1656 18
1657 1
1658 12
1659 12
1660 1
1661 1
1662 12
1663 12
1664 18
1665 17
1666 12
1667 12
1668 12
1669 12
1670 12
1671 12
1672 3
1673 12
1674 12
1675 12
1676 12
1677 1
1678 1
1679 12
1680 12
1681 12
1682 12
1683 12
1684 12
1685 1
1686 12
1687 1
1688 12
1689 1
1690 7
1691 7
1692 9
1693 18
1694 12
1695 1
1696 12
1697 15
1698 12
1699 1
1700 1
1701 12
1702 17
1703 1
1704 8
1705 12
1706 1
1707 1
1708 18
1709 12
1710 12
1711 3
1712 18
1713 12
1714 12
1715 18
1716 12
1717 12
1718 12
1719 12
1720 12
1721 12
1722 1
1723 18
1724 12
1725 1
1726 19
1727 12
1728 12
1729 12
1730 12
1731 1
1732 12
1733 12
1734 12
1735 18
1736 12
1737 12
1738 12
1739 18
1740 1
1741 12
1742 18
1743 12
1744 18
1745 0
1746 12
1747 12
1748 12
1749 10
1750 18
1751 12
1752 12
1753 1
1754 12
1755 1
1756 12
1757 12
1758 1
1759 18
1760 12
1761 12
1762 12
1763 12
1764 12
1765 3
1766 18
1767 1
1768 2
1769 12
1770 12
1771 12
1772 12
1773 12
1774 9
1775 12
1776 12
1777 1
1778 12
1779 1
1780 7
1781 12
1782 1
1783 18
1784 3
1785 18
1786 12
1787 12
1788 12
1789 12
1790 18
1791 12
1792 2
1793 1
1794 12
1795 12
1796 12
1797 12
1798 12
1799 1
1800 12
1801 12
1802 12
1803 1
1804 18
1805 2
1806 12
1807 12
1808 12
1809 12
1810 12
1811 12
1812 1
1813 12
1814 12
1815 7
1816 12
1817 12
1818 12
1819 1
1820 12
1821 12
1822 12
1823 1
1824 12
1825 6
1826 12
1827 12
1828 12
1829 12
1830 1
1831 12
1832 12
1833 12
1834 12
1835 12
1836 18
1837 2
1838 1
1839 12
1840 12
1841 12
1842 1
1843 19
1844 2
1845 12
1846 18
1847 7
1848 12
1849 11
1850 12
1851 1
1852 12
1853 1
1854 1
1855 18
1856 12
1857 1
1858 12
1859 12
1860 1
1861 12
1862 1
1863 18
1864 9
1865 12
1866 1
1867 12
1868 12
1869 12
1870 12
1871 9
1872 12
1873 12
1874 12
1875 9
1876 10
1877 12
1878 12
1879 12
1880 12
1881 12
1882 12
1883 12
1884 3
1885 17
1886 1
1887 12
1888 1
1889 1
1890 1
1891 1
1892 12
1893 12
1894 18
1895 12
1896 12
1897 1
1898 12
1899 17
1900 3
1901 12
1902 12
1903 12
1904 3
1905 1
1906 12
1907 1
1908 12
1909 12
1910 1
1911 12
1912 12
1913 12
1914 1
1915 12
1916 1
1917 17
1918 1
1919 18
1920 1
1921 18
1922 12
1923 18
1924 12
1925 18
1926 12
1927 12
1928 12
1929 12
1930 12
1931 1
1932 12
1933 12
1934 12
1935 18
1936 12
1937 12
1938 14
1939 1
1940 12
1941 1
1942 12
1943 18
1944 12
1945 18
1946 12
1947 1
1948 12
1949 12
1950 9
1951 1
1952 12
1953 1
1954 12
1955 12
1956 12
1957 12
1958 12
1959 12
1960 12
1961 19
1962 12
1963 18
1964 18
1965 12
1966 12
1967 1
1968 12
1969 18
1970 18
1971 12
1972 15
1973 1
1974 18
1975 18
1976 12
1977 1
1978 1
1979 12
1980 12
1981 17
1982 12
1983 1
1984 12
1985 12
1986 1
1987 12
1988 12
1989 12
1990 3
1991 9
1992 12
1993 12
1994 1
1995 12
1996 12
1997 12
1998 12
1999 1
2000 18
2001 12
2002 12
2003 0
2004 19
2005 12
2006 1
2007 12
2008 12
2009 19
2010 1
2011 12
2012 18
2013 12
2014 18
2015 19
2016 12
2017 12
2018 12
2019 12
2020 1
2021 12
2022 12
2023 12
2024 12
2025 1
2026 12
2027 12
2028 12
2029 1
2030 12
2031 12
2032 12
2033 12
2034 12
2035 1
2036 1
2037 12
2038 12
2039 18
2040 12
2041 1
2042 12
2043 12
2044 10
2045 12
2046 1
2047 12
2048 6
2049 18
2050 12
2051 12
2052 1
2053 0
2054 12
2055 1
2056 12
2057 1
2058 12
2059 12
2060 12
2061 1
2062 14
2063 12
2064 12
2065 12
2066 12
2067 1
2068 1
2069 17
2070 12
2071 1
2072 1
2073 12
2074 17
2075 3
2076 12
2077 12
2078 12
2079 12
2080 12
2081 17
2082 1
2083 1
2084 12
2085 12
2086 4
2087 12
2088 12
2089 1
2090 12
2091 18
2092 12
2093 18
2094 1
2095 12
2096 12
2097 12
2098 12
2099 12
2100 12
2101 12
2102 12
2103 12
2104 12
2105 18
2106 1
2107 18
2108 12
2109 12
2110 12
2111 1
2112 0
2113 1
2114 12
2115 12
2116 12
2117 1
2118 8
2119 12
2120 12
2121 12
2122 12
2123 18
2124 12
2125 12
2126 12
2127 11
2128 1
2129 1
2130 12
2131 12
2132 1
2133 1
2134 12
2135 12
2136 12
2137 1
2138 12
2139 12
2140 1
2141 12
2142 12
2143 12
2144 3
2145 12
2146 12
2147 7
2148 18
2149 12
2150 12
2151 12
2152 0
2153 18
2154 1
2155 12
2156 12
2157 12
2158 1
2159 12
2160 12
2161 12
2162 12
2163 12
2164 1
2165 1
2166 12
2167 12
2168 5
2169 1
2170 1
2171 18
2172 1
2173 12
2174 1
2175 1
2176 10
2177 12
2178 12
2179 18
2180 1
2181 12
2182 18
2183 12
2184 12
2185 10
2186 2
2187 18
2188 12
2189 12
2190 12
2191 9
2192 4
2193 12
2194 18
2195 12
2196 12
2197 12
2198 9
2199 12
2200 12
2201 18
2202 1
2203 1
2204 12
2205 2
2206 12
2207 17
2208 9
2209 9
2210 18
2211 12
2212 16
2213 12
2214 17
2215 12
2216 12
2217 12
2218 19
2219 12
2220 12
2221 12
2222 1
2223 12
2224 8
2225 1
2226 12
2227 12
2228 12
2229 6
2230 12
2231 12
2232 12
2233 12
2234 12
2235 12
2236 8
2237 12
2238 12
2239 1
2240 16
2241 12
2242 12
2243 1
2244 12
2245 18
2246 12
2247 12
2248 12
2249 12
2250 12
2251 12
2252 12
2253 12
2254 1
2255 12
2256 12
2257 1
2258 12
2259 18
2260 1
2261 12
2262 1
2263 12
2264 18
2265 12
2266 9
2267 12
2268 12
2269 12
2270 1
2271 5
2272 12
2273 1
2274 12
2275 9
2276 12
2277 12
2278 1
2279 18
2280 1
2281 12
2282 1
2283 18
2284 12
2285 12
2286 18
2287 12
2288 12
2289 1
2290 12
2291 10
2292 12
2293 12
2294 12
2295 12
2296 18
2297 1
2298 18
2299 12
2300 6
2301 12
2302 12
2303 12
2304 9
2305 12
2306 12
2307 12
2308 12
2309 16
2310 18
2311 12
2312 12
2313 12
2314 12
2315 18
2316 12
2317 12
2318 13
2319 12
2320 12
2321 12
2322 18
2323 12
2324 12
2325 12
2326 12
2327 12
2328 1
2329 12
2330 12
2331 12
2332 18
2333 1
2334 12
2335 12
2336 12
2337 18
2338 12
2339 12
2340 1
2341 12
2342 12
2343 1
2344 12
2345 2
2346 12
2347 1
2348 1
2349 1
2350 19
2351 12
2352 12
2353 12
2354 12
2355 18
2356 12
2357 1
2358 9
2359 12
2360 18
2361 1
2362 12
2363 12
2364 12
2365 12
2366 1
2367 12
2368 1
2369 12
2370 12
2371 12
2372 1
2373 1
2374 16
2375 18
2376 10
2377 12
2378 1
2379 12
2380 18
2381 1
2382 12
2383 12
2384 19
2385 12
2386 1
2387 18
2388 9
2389 12
2390 1
2391 12
2392 1
2393 12
2394 18
2395 1
2396 12
2397 19
2398 12
2399 9
2400 12
2401 0
2402 18
2403 12
2404 1
2405 18
2406 1
2407 12
2408 18
2409 12
2410 1
2411 12
2412 18
2413 18
2414 18
2415 12
2416 12
2417 12
2418 2
2419 12
2420 12
2421 12
2422 1
2423 12
2424 12
2425 1
2426 1
2427 18
2428 18
2429 12
2430 18
2431 0
2432 18
2433 12
2434 3
2435 12
2436 12
2437 12
2438 1
2439 18
2440 12
2441 3
2442 18
2443 12
2444 4
2445 12
2446 12
2447 12
2448 12
2449 12
2450 1
2451 12
2452 12
2453 12
2454 12
2455 12
2456 3
2457 1
2458 12
2459 12
2460 1
2461 12
2462 1
2463 1
2464 1
2465 12
2466 18
2467 1
2468 18
2469 12
2470 12
2471 12
2472 12
2473 19
2474 1
2475 1
2476 12
2477 12
2478 12
2479 1
2480 12
2481 12
2482 1
2483 12
2484 1
2485 12
2486 12
2487 12
2488 12
2489 17
2490 12
2491 2
2492 1
2493 12
2494 12
2495 12
2496 1
2497 18
2498 1
2499 12
2500 12
2501 12
2502 12
2503 12
2504 12
2505 12
2506 12
2507 1
2508 12
2509 12
2510 12
2511 1
2512 12
2513 1
2514 18
2515 12
2516 12
2517 1
2518 1
2519 12
2520 12
2521 1
2522 9
2523 12
2524 12
2525 12
2526 12
2527 12
2528 18
2529 12
2530 18
2531 1
2532 12
2533 12
2534 12
2535 12
2536 12
2537 1
2538 12
2539 18
2540 1
2541 1
2542 12
2543 18
2544 1
2545 12
2546 12
2547 14
2548 12
2549 1
2550 18
2551 12
2552 18
2553 12
2554 12
2555 17
2556 12
2557 12
2558 1
2559 1
2560 18
2561 19
2562 12
2563 2
2564 19
2565 12
2566 12
2567 18
2568 12
2569 1
2570 1
2571 12
2572 12
2573 10
2574 12
2575 1
2576 12
2577 12
2578 12
2579 12
2580 1
2581 12
2582 12
2583 12
2584 12
2585 12
2586 18
2587 0
2588 12
2589 12
2590 11
2591 3
2592 9
2593 12
2594 12
2595 12
2596 12
2597 3
2598 12
2599 12
2600 1
2601 19
2602 6
2603 12
2604 6
2605 12
2606 1
2607 12
2608 12
2609 18
2610 9
2611 12
2612 1
2613 12
2614 1
2615 18
2616 9
2617 9
2618 12
2619 12
2620 3
2621 1
2622 1
2623 12
2624 12
2625 9
2626 1
2627 12
2628 19
2629 12
2630 12
2631 12
2632 12
2633 12
2634 1
2635 18
2636 12
2637 3
2638 12
2639 18
2640 12
2641 12
2642 12
2643 12
2644 1
2645 12
2646 1
2647 2
2648 12
2649 1
2650 12
2651 3
2652 1
2653 18
2654 12
2655 12
2656 12
2657 18
2658 12
2659 12
2660 12
2661 1
2662 12
2663 12
2664 12
2665 12
2666 12
2667 1
2668 6
2669 12
2670 1
2671 1
2672 12
2673 12
2674 1
2675 12
2676 12
2677 12
2678 12
2679 1
2680 12
2681 2
2682 12
2683 12
2684 1
2685 12
2686 12
2687 12
2688 12
2689 1
2690 12
2691 12
2692 1
2693 1
2694 12
2695 1
2696 12
2697 12
2698 12
2699 12
2700 12
2701 18
2702 12
2703 12
2704 1
2705 7
2706 1
2707 12
2708 12
2709 12
2710 12
2711 12
2712 12
2713 12
2714 12
2715 16
2716 1
2717 1
2718 10
2719 1
2720 12
2721 12
2722 12
2723 12
2724 8
2725 1
2726 12
2727 12
2728 1
2729 12
2730 12
2731 12
2732 12
2733 12
2734 1
2735 12
2736 12
2737 12
2738 12
2739 1
2740 12
2741 12
2742 12
2743 9
2744 12
2745 10
2746 12
2747 1
2748 18
2749 12
2750 1
2751 1
2752 1
2753 12
2754 1
2755 12
2756 1
2757 12
2758 12
2759 12
2760 1
2761 12
2762 11
2763 18
2764 12
2765 1
2766 12
2767 12
2768 12
2769 12
2770 12
2771 1
2772 12
2773 1
2774 12
2775 19
2776 1
2777 18
2778 1
2779 19
2780 12
2781 1
2782 12
2783 7
2784 18
2785 12
2786 12
2787 12
2788 1
2789 1
2790 1
2791 12
2792 12
2793 12
2794 12
2795 1
2796 12
2797 18
2798 1
2799 12
2800 1
2801 12
2802 12
2803 12
2804 12
2805 12
2806 1
2807 1
2808 12
2809 1
2810 12
2811 12
2812 12
2813 1
2814 12
2815 1
2816 12
2817 12
2818 12
2819 12
2820 12
2821 1
2822 12
2823 12
2824 12
2825 12
2826 1
2827 1
2828 12
2829 1
2830 1
2831 19
2832 19
2833 12
2834 1
2835 12
2836 1
2837 12
2838 1
2839 12
2840 18
2841 12
2842 12
2843 1
2844 12
2845 12
2846 1
2847 3
2848 12
2849 12
2850 1
2851 12
2852 11
2853 19
2854 12
2855 12
2856 1
2857 12
2858 12
2859 12
2860 2
2861 1
2862 19
2863 19
2864 12
2865 12
2866 12
2867 12
2868 12
2869 12
2870 18
2871 17
2872 12
2873 3
2874 12
2875 12
2876 12
2877 1
2878 12
2879 12
2880 12
2881 12
2882 12
2883 14
2884 6
2885 12
2886 12
2887 1
2888 12
2889 12
2890 18
2891 17
2892 18
2893 18
2894 1
2895 12
2896 1
2897 12
2898 12
2899 12
2900 12
2901 18
2902 12
2903 1
2904 1
2905 12
2906 19
2907 7
2908 12
2909 1
2910 12
2911 12
2912 12
2913 1
2914 12
2915 18
2916 12
2917 12
2918 1
2919 12
2920 12
2921 19
2922 1
2923 12
2924 12
2925 12
2926 17
2927 18
2928 12
2929 1
2930 12
2931 18
2932 12
2933 17
2934 12
2935 12
2936 1
2937 1
2938 1
2939 1
2940 1
2941 12
2942 12
2943 9
2944 12
2945 1
2946 12
2947 12
2948 12
2949 12
2950 12
2951 12
2952 19
2953 1
2954 1
2955 1
2956 18
2957 12
2958 12
2959 12
2960 12
2961 18
2962 12
2963 18
2964 2
2965 12
2966 12
2967 12
2968 12
2969 12
2970 12
2971 7
2972 1
2973 12
2974 9
2975 12
2976 18
2977 18
2978 12
2979 12
2980 12
2981 12
2982 12
2983 12
2984 3
2985 12
2986 12
2987 12
2988 1
2989 12
2990 12
2991 12
2992 12
2993 12
2994 1
2995 12
2996 1
2997 1
2998 12
2999 12
3000 12
3001 12
3002 18
3003 17
3004 1
3005 12
3006 18
3007 1
3008 12
3009 12
3010 2
3011 6
3012 9
3013 12
3014 1
3015 9
3016 1
3017 12
3018 12
3019 18
3020 12
3021 12
3022 12
3023 12
3024 1
3025 12
3026 18
3027 12
3028 17
3029 9
3030 17
3031 1
3032 1
3033 12
3034 1
3035 2
3036 12
3037 1
3038 12
3039 18
3040 12
3041 12
3042 18
3043 12
3044 12
3045 18
3046 1
3047 1
3048 12
3049 12
3050 12
3051 12
3052 18
3053 12
3054 12
3055 12
3056 1
3057 9
3058 17
3059 1
3060 12
3061 4
3062 1
3063 12
3064 12
3065 1
3066 12
3067 12
3068 18
3069 4
3070 4
3071 12
3072 12
3073 12
3074 12
3075 19
3076 16
3077 12
3078 17
3079 12
3080 2
3081 7
3082 12
3083 12
3084 18
3085 12
3086 2
3087 12
3088 5
3089 1
3090 12
3091 12
3092 10
3093 1
3094 12
3095 12
3096 12
3097 12
3098 18
3099 12
3100 1
3101 12
3102 12
3103 12
3104 12
3105 1
3106 1
3107 1
3108 12
3109 18
3110 12
3111 12
3112 1
3113 12
3114 8
3115 15
3116 12
3117 12
3118 1
3119 12
3120 12
3121 1
3122 12
3123 12
3124 1
3125 12
3126 12
3127 2
3128 1
3129 1
3130 12
3131 1
3132 3
3133 12
3134 1
3135 1
3136 12
3137 1
3138 12
3139 12
3140 1
3141 12
3142 12
3143 1
3144 1
3145 1
3146 12
3147 1
3148 12
3149 1
3150 12
3151 12
3152 3
3153 1
3154 12
3155 12
3156 12
3157 1
3158 3
3159 12
3160 12
3161 12
3162 18
3163 2
3164 18
3165 1
3166 12
3167 18
3168 7
3169 12
3170 12
3171 12
3172 1
3173 17
3174 1
3175 12
3176 1
3177 12
3178 6
3179 12
3180 1
3181 1
3182 12
3183 18
3184 12
3185 18
3186 1
3187 12
3188 12
3189 12
3190 12
3191 12
3192 12
3193 1
3194 12
3195 1
3196 12
3197 12
3198 18
3199 1
3200 1
3201 12
3202 12
3203 18
3204 12
3205 3
3206 1
3207 12
3208 1
3209 18
3210 12
3211 12
3212 12
3213 0
3214 12
3215 12
3216 12
3217 18
3218 12
3219 12
3220 12
3221 18
3222 11
3223 12
3224 12
3225 12
3226 1
3227 12
3228 12
3229 12
3230 18
3231 12
3232 12
3233 12
3234 12
3235 12
3236 3
3237 9
3238 12
3239 12
3240 12
3241 18
3242 9
3243 1
3244 1
3245 12
3246 12
3247 12
3248 1
3249 12
3250 1
3251 12
3252 9
3253 12
3254 12
3255 1
3256 17
3257 18
3258 12
3259 12
3260 12
3261 12
3262 12
3263 1
3264 18
3265 1
3266 12
3267 12
3268 12
3269 12
3270 1
3271 12
3272 1
3273 1
3274 12
3275 1
3276 12
3277 12
3278 1
3279 12
3280 12
3281 12
3282 12
3283 12
3284 12
3285 12
3286 12
3287 1
3288 12
3289 6
3290 1
3291 1
3292 12
3293 12
3294 12
3295 12
3296 12
3297 12
3298 18
3299 1
3300 1
3301 12
3302 12
3303 1
3304 12
3305 12
3306 12
3307 12
3308 12
3309 18
3310 12
3311 12
3312 13
3313 19
3314 12
3315 3
3316 12
3317 12
3318 12
3319 12
3320 1
3321 12
3322 12
3323 18
3324 1
3325 1
3326 12
3327 12
3328 12
3329 12
3330 1
3331 1
3332 12
3333 15
3334 12
3335 12
3336 17
3337 12
3338 1
3339 12
3340 12
3341 12
3342 12
3343 12
3344 12
3345 12
3346 12
3347 12
3348 12
3349 12
3350 12
3351 12
3352 12
3353 12
3354 12
3355 7
3356 12
3357 17
3358 12
3359 12
3360 1
3361 12
3362 3
3363 12
3364 2
3365 3
3366 18
3367 1
3368 1
3369 9
3370 1
3371 1
3372 4
3373 1
3374 12
3375 12
3376 12
3377 12
3378 1
3379 12
3380 7
3381 19
3382 12
3383 1
3384 19
3385 1
3386 1
3387 12
3388 2
3389 12
3390 12
3391 1
3392 6
3393 12
3394 12
3395 19
3396 12
3397 2
3398 12
3399 12
3400 12
3401 12
3402 1
3403 12
3404 18
3405 1
3406 12
3407 12
3408 12
3409 1
3410 12
3411 12
3412 12
3413 12
3414 12
3415 12
3416 12
3417 12
3418 12
3419 12
3420 12
3421 18
3422 1
3423 18
3424 10
3425 12
3426 12
3427 9
3428 12
3429 12
3430 12
3431 19
3432 12
3433 18
3434 12
3435 1
3436 1
3437 12
3438 12
3439 1
3440 12
3441 1
3442 1
3443 12
3444 12
3445 12
3446 8
3447 3
3448 1
3449 12
3450 1
3451 12
3452 12
3453 12
3454 18
3455 1
3456 1
3457 12
3458 12
3459 12
3460 12
3461 12
3462 18
3463 12
3464 12
3465 12
3466 12
3467 12
3468 12
3469 12
3470 12
3471 18
3472 18
3473 12
3474 1
3475 12
3476 12
3477 12
3478 12
3479 12
3480 17
3481 12
3482 12
3483 1
3484 12
3485 18
3486 12
3487 12
3488 1
3489 1
3490 12
3491 3
3492 12
3493 1
3494 18
3495 12
3496 12
3497 12
3498 18
3499 12
3500 3
3501 12
3502 12
3503 0
3504 12
3505 1
3506 12
3507 12
3508 1
3509 12
3510 12
3511 19
3512 1
3513 18
3514 18
3515 12
3516 1
3517 6
3518 12
3519 1
3520 1
3521 12
3522 1
3523 12
3524 18
3525 12
3526 12
3527 1
3528 12
3529 12
3530 1
3531 12
3532 1
3533 18
3534 12
3535 3
3536 12
3537 12
3538 12
3539 12
3540 9
3541 12
3542 9
3543 12
3544 1
3545 12
3546 18
3547 1
3548 12
3549 9
3550 12
3551 12
3552 6
3553 12
3554 12
3555 12
3556 9
3557 1
3558 4
3559 12
3560 19
3561 12
3562 1
3563 12
3564 12
3565 12
3566 12
3567 1
3568 12
3569 1
3570 12
3571 1
3572 1
3573 18
3574 1
3575 1
3576 12
3577 12
3578 12
3579 12
3580 12
3581 12
3582 12
3583 1
3584 1
3585 18
3586 12
3587 12
3588 12
3589 1
3590 12
3591 1
3592 12
3593 1
3594 12
3595 12
3596 14
3597 1
3598 12
3599 1
3600 1
3601 1
3602 12
3603 9
3604 12
3605 18
3606 12
3607 12
3608 19
3609 12
3610 12
3611 12
3612 1
3613 1
3614 12
3615 1
3616 12
3617 12
3618 1
3619 12
3620 12
3621 1
3622 12
3623 14
3624 12
3625 1
3626 12
3627 18
3628 1
3629 12
3630 12
3631 1
3632 1
3633 4
3634 1
3635 18
3636 0
3637 12
3638 12
3639 12
3640 12
3641 18
3642 17
3643 19
3644 1
3645 18
3646 12
3647 12
3648 12
3649 1
3650 12
3651 1
3652 18
3653 8
3654 12
3655 12
3656 1
3657 12
3658 1
3659 1
3660 1
3661 12
3662 1
3663 1
3664 12
3665 12
3666 12
3667 12
3668 16
3669 12
3670 12
3671 1
3672 12
3673 1
3674 12
3675 19
3676 12
3677 12
3678 12
3679 9
3680 12
3681 12
3682 18
3683 12
3684 12
3685 12
3686 12
3687 18
3688 18
3689 12
3690 12
3691 3
3692 12
3693 12
3694 12
3695 12
3696 12
3697 12
3698 19
3699 12
3700 12
3701 12
3702 1
3703 1
3704 12
3705 12
3706 12
3707 12
3708 1
3709 12
3710 12
3711 12
3712 1
3713 12
3714 12
3715 3
3716 1
3717 1
3718 12
3719 18
3720 18
3721 1
3722 18
3723 1
3724 12
3725 12
3726 12
3727 12
3728 12
3729 1
3730 1
3731 12
3732 12
3733 1
3734 12
3735 12
3736 12
3737 1
3738 12
3739 12
3740 12
3741 12
3742 12
3743 12
3744 1
3745 12
3746 12
3747 1
3748 18
3749 1
3750 12
3751 12
3752 12
3753 18
3754 12
3755 1
3756 12
3757 19
3758 12
3759 12
3760 12
3761 12
3762 12
3763 12
3764 12
3765 1
3766 12
3767 12
3768 12
3769 1
3770 8
3771 1
3772 12
3773 12
3774 12
3775 1
3776 12
3777 1
3778 12
3779 9
3780 12
3781 3
3782 1
3783 19
3784 1
3785 18
3786 2
3787 12
3788 12
3789 12
3790 1
3791 12
3792 12
3793 12
3794 12
3795 12
3796 19
3797 12
3798 3
3799 12
3800 1
3801 12
3802 13
3803 12
3804 1
3805 1
3806 1
3807 12
3808 12
3809 12
3810 12
3811 1
3812 12
3813 12
3814 1
3815 1
3816 1
3817 12
3818 12
3819 18
3820 1
3821 12
3822 12
3823 12
3824 1
3825 18
3826 1
3827 12
3828 1
3829 12
3830 12
3831 1
3832 12
3833 12
3834 18
3835 12
3836 1
3837 18
3838 1
3839 12
3840 1
3841 12
3842 12
3843 1
3844 12
3845 19
3846 12
3847 1
3848 12
3849 12
3850 12
3851 1
3852 12
3853 1
3854 12
3855 12
3856 1
3857 7
3858 13
3859 3
3860 12
3861 12
3862 12
3863 12
3864 12
3865 12
3866 12
3867 12
3868 12
3869 12
3870 9
3871 1
3872 17
3873 12
3874 12
3875 12
3876 9
3877 12
3878 12
3879 12
3880 12
3881 18
3882 1
3883 1
3884 12
3885 12
3886 12
3887 12
3888 12
3889 1
3890 1
3891 12
3892 1
3893 1
3894 12
3895 12
3896 12
3897 1
3898 12
3899 12
3900 18
3901 3
3902 1
3903 9
3904 18
3905 12
3906 12
3907 18
3908 13
3909 12
3910 12
3911 12
3912 17
3913 17
3914 9
3915 12
3916 18
3917 12
3918 1
3919 1
3920 12
3921 12
3922 1
3923 12
3924 12
3925 12
3926 12
3927 1
3928 0
3929 1
3930 1
3931 1
3932 12
3933 12
3934 12
3935 3
3936 1
3937 19
3938 12
3939 18
3940 18
3941 12
3942 12
3943 12
3944 12
3945 12
3946 7
3947 12
3948 12
3949 12
3950 12
3951 1
3952 1
3953 12
3954 12
3955 12
3956 12
3957 14
3958 1
3959 1
3960 12
3961 18
3962 12
3963 17
3964 1
3965 1
3966 12
3967 12
3968 12
3969 1
3970 12
3971 3
3972 1
3973 12
3974 4
3975 1
3976 12
3977 12
3978 12
3979 7
3980 4
3981 12
3982 12
3983 1
3984 12
3985 12
3986 12
3987 1
3988 12
3989 12
3990 12
3991 12
3992 12
3993 12
3994 12
3995 12
3996 1
3997 12
3998 12
3999 12
4000 12
4001 12
4002 12
4003 12
4004 12
4005 1
4006 12
4007 1
4008 12
4009 12
4010 12
4011 12
4012 12
4013 12
4014 12
4015 1
4016 12
4017 12
4018 12
4019 18
4020 12
4021 12
4022 12
4023 3
4024 4
4025 12
4026 0
4027 12
4028 12
4029 12
4030 1
4031 12
4032 9
4033 1
4034 12
4035 12
4036 10
4037 12
4038 12
4039 12
4040 9
4041 12
4042 9
4043 12
4044 1
4045 1
4046 1
4047 1
4048 9
4049 12
4050 2
4051 12
4052 9
4053 5
4054 12
4055 9
4056 3
4057 18
4058 18
4059 18
4060 12
4061 12
4062 18
4063 12
4064 12
4065 12
4066 12
4067 12
4068 12
4069 12
4070 1
4071 12
4072 1
4073 12
4074 3
4075 12
4076 0
4077 12
4078 18
4079 12
4080 1
4081 12
4082 19
4083 12
4084 12
4085 3
4086 12
4087 12
4088 1
4089 9
4090 12
4091 12
4092 12
4093 12
4094 17
4095 6
4096 12
4097 12
4098 12
4099 12
4100 12
4101 1
4102 1
4103 12
4104 12
4105 6
4106 1
4107 12
4108 18
4109 1
4110 12
4111 18
4112 17
4113 1
4114 12
4115 12
4116 18
4117 12
4118 18
4119 12
4120 12
4121 12
4122 12
4123 12
4124 12
4125 12
4126 12
4127 12
4128 12
4129 12
4130 12
4131 12
4132 12
4133 17
4134 12
4135 12
4136 1
4137 12
4138 17
4139 12
4140 12
4141 12
4142 12
4143 12
4144 19
4145 12
4146 19
4147 12
4148 12
4149 19
4150 1
4151 19
4152 12
4153 18
4154 12
4155 12
4156 12
4157 1
4158 19
4159 1
4160 12
4161 1
4162 16
4163 12
4164 12
4165 12
4166 12
4167 9
4168 1
4169 12
4170 12
4171 12
4172 18
4173 19
4174 1
4175 12
4176 1
4177 1
4178 12
4179 12
4180 12
4181 12
4182 12
4183 1
4184 1
4185 1
4186 12
4187 1
4188 1
4189 12
4190 1
4191 1
4192 18
4193 1
4194 12
4195 12
4196 12
4197 12
4198 18
4199 12
4200 12
4201 19
4202 12
4203 12
4204 12
4205 1
4206 2
4207 12
4208 1
4209 12
4210 12
4211 12
4212 12
4213 12
4214 1
4215 12
4216 18
4217 12
4218 12
4219 12
4220 12
4221 1
4222 3
4223 12
4224 12
4225 1
4226 3
4227 12
4228 12
4229 1
4230 12
4231 12
4232 12
4233 12
4234 12
4235 12
4236 1
4237 12
4238 12
4239 1
4240 1
4241 18
4242 18
4243 12
4244 12
4245 1
4246 12
4247 12
4248 12
4249 19
4250 12
4251 1
4252 18
4253 1
4254 1
4255 12
4256 12
4257 12
4258 12
4259 6
4260 18
4261 18
4262 12
4263 5
4264 6
4265 1
4266 12
4267 12
4268 18
4269 12
4270 12
4271 3
4272 1
4273 12
4274 17
4275 15
4276 12
4277 12
4278 12
4279 12
4280 12
4281 12
4282 12
4283 12
4284 12
4285 1
4286 18
4287 12
4288 18
4289 12
4290 12
4291 12
4292 0
4293 12
4294 1
4295 12
4296 12
4297 12
4298 12
4299 12
4300 1
4301 12
4302 18
4303 12
4304 19
4305 12
4306 1
4307 12
4308 9
4309 12
4310 18
4311 12
4312 12
4313 12
4314 1
4315 12
4316 12
4317 1
4318 18
4319 12
4320 18
4321 1
4322 1
4323 6
4324 12
4325 1
4326 1
4327 12
4328 12
4329 12
4330 1
4331 12
4332 12
4333 12
4334 12
4335 12
4336 1
4337 12
4338 12
4339 1
4340 12
4341 12
4342 18
4343 12
4344 1
4345 12
4346 12
4347 4
4348 18
4349 18
4350 12
4351 12
4352 19
4353 12
4354 12
4355 9
4356 12
4357 9
4358 15
4359 12
4360 1
4361 1
4362 12
4363 12
4364 12
4365 18
4366 12
4367 4
4368 12
4369 12
4370 1
4371 1
4372 12
4373 3
4374 12
4375 12
4376 19
4377 1
4378 12
4379 1
4380 12
4381 12
4382 12
4383 2
4384 12
4385 12
4386 10
4387 12
4388 12
4389 1
4390 12
4391 15
4392 12
4393 1
4394 12
4395 12
4396 12
4397 12
4398 12
4399 12
4400 18
4401 12
4402 12
4403 18
4404 1
4405 12
4406 7
4407 12
4408 12
4409 12
4410 1
4411 12
4412 1
4413 12
4414 12
4415 12
4416 12
4417 12
4418 12
4419 18
4420 18
4421 12
4422 1
4423 18
4424 1
4425 18
4426 12
4427 12
4428 12
4429 18
4430 1
4431 1
4432 1
4433 12
4434 12
4435 12
4436 1
4437 12
4438 12
4439 11
4440 12
4441 12
4442 12
4443 12
4444 12
4445 18
4446 12
4447 12
4448 1
4449 12
4450 12
4451 12
4452 12
4453 1
4454 17
4455 12
4456 12
4457 12
4458 12
4459 18
4460 12
4461 18
4462 3
4463 18
4464 1
4465 12
4466 12
4467 13
4468 18
4469 1
4470 12
4471 12
4472 18
4473 12
4474 1
4475 4
4476 12
4477 1
4478 12
4479 1
4480 2
4481 17
4482 12
4483 18
4484 1
4485 1
4486 1
4487 17
4488 18
4489 1
4490 12
4491 18
4492 12
4493 12
4494 12
4495 18
4496 12
4497 2
4498 19
4499 12
4500 12
4501 12
4502 12
4503 12
4504 12
4505 12
4506 12
4507 9
4508 9
4509 9
4510 12
4511 18
4512 18
4513 12
4514 1
4515 1
4516 1
4517 12
4518 1
4519 12
4520 1
4521 12
4522 12
4523 12
4524 12
4525 12
4526 12
4527 18
4528 12
4529 19
4530 12
4531 12
4532 18
4533 1
4534 1
4535 12
4536 12
4537 9
4538 2
4539 1
4540 18
4541 14
4542 12
4543 18
4544 12
4545 12
4546 12
4547 1
4548 1
4549 1
4550 12
4551 18
4552 12
4553 1
4554 12
4555 1
4556 12
4557 12
4558 12
4559 12
4560 12
4561 18
4562 12
4563 12
4564 12
4565 1
4566 12
4567 12
4568 12
4569 12
4570 12
4571 1
4572 18
4573 0
4574 1
4575 2
4576 12
4577 12
4578 18
4579 11
4580 12
4581 12
4582 12
4583 12
4584 18
4585 18
4586 19
4587 1
4588 12
4589 12
4590 12
4591 1
4592 12
4593 12
4594 1
4595 18
4596 9
4597 1
4598 18
4599 1
4600 12
4601 1
4602 12
4603 1
4604 12
4605 12
4606 19
4607 17
4608 12
4609 19
4610 1
4611 12
4612 12
4613 12
4614 1
4615 12
4616 12
4617 1
4618 12
4619 12
4620 1
4621 1
4622 18
4623 12
4624 12
4625 12
4626 12
4627 0
4628 12
4629 18
4630 1
4631 1
4632 12
4633 1
4634 12
4635 12
4636 18
4637 12
4638 12
4639 12
4640 12
4641 1
4642 12
4643 12
4644 12
4645 12
4646 1
4647 12
4648 12
4649 18
4650 18
4651 1
4652 12
4653 18
4654 18
4655 12
4656 12
4657 18
4658 1
4659 12
4660 1
4661 1
4662 1
4663 1
4664 1
4665 18
4666 12
4667 1
4668 12
4669 9
4670 12
4671 1
4672 19
4673 12
4674 12
4675 0
4676 12
4677 3
4678 19
4679 12
4680 1
4681 2
4682 1
4683 1
4684 1
4685 5
4686 12
4687 12
4688 12
4689 12
4690 7
4691 12
4692 9
4693 12
4694 6
4695 17
4696 1
4697 9
4698 12
4699 1
4700 12
4701 1
4702 12
4703 12
4704 12
4705 19
4706 1
4707 1
4708 12
4709 2
4710 12
4711 12
4712 18
4713 12
4714 12
4715 12
4716 12
4717 12
4718 17
4719 12
4720 12
4721 12
4722 12
4723 12
4724 12
4725 12
4726 5
4727 6
4728 12
4729 12
4730 12
4731 12
4732 12
4733 12
4734 12
4735 1
4736 12
4737 12
4738 1
4739 18
4740 3
4741 12
4742 12
4743 1
4744 10
4745 12
4746 1
4747 12
4748 1
4749 12
4750 12
4751 1
4752 18
4753 3
4754 12
4755 12
4756 12
4757 1
4758 12
4759 12
4760 18
4761 12
4762 12
4763 1
4764 12
4765 12
4766 18
4767 1
4768 12
4769 9
4770 12
4771 12
4772 1
4773 10
4774 12
4775 18
4776 18
4777 12
4778 12
4779 1
4780 12
4781 12
4782 12
4783 1
4784 12
4785 12
4786 12
4787 11
4788 12
4789 1
4790 12
4791 9
4792 12
4793 12
4794 12
4795 12
4796 12
4797 12
4798 1
4799 12
4800 12
4801 1
4802 1
4803 12
4804 1
4805 12
4806 12
4807 9
4808 12
4809 13
4810 12
4811 12
4812 18
4813 1
4814 17
4815 11
4816 1
4817 1
4818 12
4819 12
4820 18
4821 12
4822 1
4823 12
4824 1
4825 12
4826 1
4827 12
4828 1
4829 12
4830 1
4831 12
4832 17
4833 12
4834 4
4835 12
4836 1
4837 19
4838 1
4839 5
4840 12
4841 9
4842 1
4843 12
4844 12
4845 12
4846 12
4847 12
4848 1
4849 12
4850 1
4851 12
4852 9
4853 1
4854 9
4855 12
4856 12
4857 5
4858 12
4859 12
4860 18
4861 12
4862 1
4863 1
4864 12
4865 12
4866 12
4867 12
4868 12
4869 1
4870 12
4871 18
4872 12
4873 1
4874 12
4875 1
4876 1
4877 12
4878 1
4879 12
4880 18
4881 12
4882 12
4883 12
4884 1
4885 12
4886 12
4887 12
4888 12
4889 12
4890 1
4891 12
4892 6
4893 12
4894 12
4895 17
4896 12
4897 1
4898 12
4899 12
4900 18
4901 12
4902 1
4903 12
4904 17
4905 2
4906 6
4907 1
4908 5
4909 12
4910 12
4911 12
4912 1
4913 1
4914 18
4915 1
4916 12
4917 1
4918 18
4919 12
4920 16
4921 17
4922 12
4923 12
4924 1
4925 4
4926 12
4927 17
4928 1
4929 12
4930 12
4931 12
4932 12
4933 12
4934 1
4935 12
4936 18
4937 1
4938 12
4939 12
4940 12
4941 12
4942 1
4943 19
4944 12
4945 12
4946 12
4947 1
4948 12
4949 1
4950 1
4951 12
4952 1
4953 12
4954 12
4955 12
4956 12
4957 12
4958 12
4959 1
4960 12
4961 9
4962 12
4963 1
4964 1
4965 18
4966 9
4967 1
4968 12
4969 12
4970 12
4971 1
4972 12
4973 1
4974 1
4975 12
4976 12
4977 12
4978 11
4979 12
4980 12
4981 12
4982 12
4983 9
4984 18
4985 12
4986 12
4987 3
4988 12
4989 12
4990 12
4991 12
4992 12
4993 18
4994 1
4995 12
4996 12
4997 12
4998 1
4999 12
5000 9
5001 18
5002 9
5003 18
5004 18
5005 12
5006 12
5007 12
5008 7
5009 12
5010 18
5011 1
5012 12
5013 12
5014 12
5015 12
5016 1
5017 19
5018 18
5019 12
5020 1
5021 12
5022 12
5023 12
5024 1
5025 12
5026 12
5027 18
5028 1
5029 12
5030 12
5031 12
5032 18
5033 1
5034 1
5035 1
5036 1
5037 1
5038 12
5039 12
5040 12
5041 12
5042 12
5043 12
5044 1
5045 12
5046 12
5047 17
5048 18
5049 1
5050 12
5051 12
5052 18
5053 12
5054 12
5055 1
5056 12
5057 1
5058 12
5059 1
5060 12
5061 12
5062 1
5063 12
5064 12
5065 1
5066 12
5067 12
5068 12
5069 1
5070 1
5071 12
5072 12
5073 12
5074 12
5075 18
5076 12
5077 12
5078 12
5079 1
5080 12
5081 1
5082 12
5083 9
5084 18
5085 12
5086 12
5087 18
5088 11
5089 1
5090 9
5091 17
5092 12
5093 12
5094 12
5095 12
5096 1
5097 18
5098 12
5099 12
5100 1
5101 12
5102 12
5103 1
5104 12
5105 12
5106 1
5107 12
5108 19
5109 1
5110 12
5111 12
5112 12
5113 12
5114 6
5115 12
5116 12
5117 1
5118 12
5119 12
5120 1
5121 1
5122 12
5123 12
5124 12
5125 1
5126 1
5127 12
5128 12
5129 12
5130 12
5131 1
5132 1
5133 17
5134 12
5135 1
5136 12
5137 16
5138 1
5139 12
5140 12
5141 12
5142 1
5143 12
5144 12
5145 18
5146 12
5147 12
5148 12
5149 12
5150 1
5151 12
5152 18
5153 1
5154 1
5155 19
5156 18
5157 12
5158 1
5159 12
5160 1
5161 12
5162 12
5163 1
5164 12
5165 12
5166 12
5167 12
5168 1
5169 12
5170 1
5171 18
5172 6
5173 12
5174 1
5175 12
5176 2
5177 18
5178 1
5179 1
5180 12
5181 12
5182 12
5183 1
5184 12
5185 18
5186 18
5187 1
5188 12
5189 12
5190 12
5191 12
5192 12
5193 1
5194 12
5195 12
5196 12
5197 1
5198 18
5199 1
5200 12
5201 12
5202 12
5203 12
5204 12
5205 1
5206 1
5207 12
5208 12
5209 12
5210 1
5211 4
5212 1
5213 12
5214 19
5215 12
5216 12
5217 12
5218 12
5219 1
5220 1
5221 18
5222 12
5223 12
5224 1
5225 12
5226 12
5227 12
5228 12
5229 7
5230 1
5231 12
5232 18
5233 18
5234 18
5235 12
5236 12
5237 12
5238 12
5239 1
5240 12
5241 9
5242 3
5243 12
5244 12
5245 1
5246 12
5247 12
5248 1
5249 1
5250 3
5251 7
5252 12
5253 1
5254 12
5255 12
5256 12
5257 12
5258 1
5259 12
5260 12
5261 1
5262 2
5263 12
5264 12
5265 12
5266 1
5267 12
5268 1
5269 1
5270 12
5271 1
5272 12
5273 1
5274 12
5275 1
5276 12
5277 12
5278 1
5279 12
5280 12
5281 19
5282 1
5283 12
5284 1
5285 12
5286 12
5287 12
5288 12
5289 18
5290 12
5291 1
5292 1
5293 12
5294 1
5295 12
5296 17
5297 1
5298 12
5299 1
5300 12
5301 18
5302 1
5303 1
5304 18
5305 1
5306 1
5307 1
5308 12
5309 12
5310 12
5311 18
5312 12
5313 9
5314 1
5315 1
5316 1
5317 12
5318 1
5319 12
5320 1
5321 12
5322 12
5323 1
5324 12
5325 1
5326 12
5327 1
5328 1
5329 1
5330 12
5331 1
5332 12
5333 12
5334 12
5335 1
5336 12
5337 12
5338 12
5339 12
5340 1
5341 12
5342 7
5343 12
5344 12
5345 12
5346 12
5347 12
5348 0
5349 1
5350 1
5351 12
5352 12
5353 17
5354 0
5355 12
5356 18
5357 18
5358 18
5359 12
5360 12
5361 12
5362 12
5363 3
5364 18
5365 12
5366 12
5367 1
5368 9
5369 9
5370 12
5371 12
5372 12
5373 0
5374 9
5375 12
5376 12
5377 1
5378 12
5379 12
5380 18
5381 12
5382 12
5383 12
5384 12
5385 12
5386 12
5387 12
5388 12
5389 12
5390 12
5391 1
5392 3
5393 12
5394 12
5395 1
5396 12
5397 12
5398 12
5399 12
5400 12
5401 12
5402 12
5403 1
5404 12
5405 12
5406 12
5407 2
5408 1
5409 12
5410 12
5411 12
5412 12
5413 7
5414 18
5415 12
5416 1
5417 12
5418 12
5419 1
5420 1
5421 1
5422 7
5423 12
5424 12
5425 1
5426 12
5427 12
5428 12
5429 12
5430 1
5431 1
5432 12
5433 12
5434 1
5435 12
5436 12
5437 12
5438 1
5439 12
5440 1
5441 12
5442 19
5443 9
5444 12
5445 1
5446 12
5447 12
5448 1
5449 12
5450 1
5451 1
5452 1
5453 1
5454 12
5455 12
5456 12
5457 12
5458 1
5459 4
5460 12
5461 12
5462 12
5463 12
5464 12
5465 1
5466 12
5467 12
5468 1
5469 12
5470 12
5471 1
5472 18
5473 12
5474 0
5475 18
5476 1
5477 9
5478 12
5479 12
5480 12
5481 12
5482 12
5483 1
5484 12
5485 12
5486 19
5487 12
5488 12
5489 12
5490 12
5491 12
5492 18
5493 12
5494 12
5495 18
5496 12
5497 18
5498 12
5499 12
5500 18
5501 7
5502 12
5503 1
5504 12
5505 12
5506 12
5507 1
5508 9
5509 2
5510 12
5511 1
5512 12
5513 1
5514 12
5515 12
5516 12
5517 19
5518 12
5519 9
5520 9
5521 12
5522 12
5523 18
5524 12
5525 12
5526 12
5527 1
5528 12
5529 1
5530 1
5531 12
5532 18
5533 18
5534 1
5535 12
5536 12
5537 12
5538 12
5539 19
5540 12
5541 12
5542 12
5543 1
5544 12
5545 12
5546 10
5547 12
5548 12
5549 1
5550 12
5551 12
5552 1
5553 1
5554 12
5555 18
5556 12
5557 18
5558 12
5559 12
5560 12
5561 12
5562 12
5563 12
5564 1
5565 2
5566 6
5567 9
5568 12
5569 4
5570 18
5571 12
5572 1
5573 12
5574 12
5575 12
5576 12
5577 12
5578 1
5579 1
5580 1
5581 18
5582 1
5583 1
5584 12
5585 19
5586 12
5587 1
5588 12
5589 12
5590 12
5591 12
5592 12
5593 12
5594 12
5595 17
5596 12
5597 12
5598 12
5599 12
5600 12
5601 1
5602 12
5603 12
5604 12
5605 18
5606 18
5607 12
5608 12
5609 12
5610 2
5611 12
5612 12
5613 1
5614 1
5615 12
5616 12
5617 12
5618 8
5619 1
5620 18
5621 12
5622 12
5623 12
5624 1
5625 12
5626 1
5627 9
5628 18
5629 12
5630 12
5631 1
5632 12
5633 1
5634 18
5635 12
5636 18
5637 1
5638 1
5639 12
5640 1
5641 12
5642 12
5643 12
5644 12
5645 4
5646 12
5647 12
5648 12
5649 1
5650 12
5651 12
5652 1
5653 1
5654 12
5655 12
5656 12
5657 12
5658 12
5659 11
5660 12
5661 18
5662 12
5663 18
5664 1
5665 1
5666 12
5667 12
5668 12
5669 1
5670 18
5671 17
5672 7
5673 1
5674 12
5675 6
5676 12
5677 1
5678 19
5679 18
5680 12
5681 12
5682 18
5683 1
5684 4
5685 1
5686 12
5687 3
5688 12
5689 1
5690 12
5691 2
5692 3
5693 12
5694 12
5695 12
5696 12
5697 18
5698 12
5699 12
5700 18
5701 12
5702 12
5703 12
5704 12
5705 12
5706 1
5707 17
5708 18
5709 12
5710 1
5711 1
5712 12
5713 12
5714 1
5715 12
5716 9
5717 12
5718 12
5719 12
5720 1
5721 9
5722 12
5723 1
5724 12
5725 12
5726 12
5727 1
5728 19
5729 1
5730 12
5731 12
5732 18
5733 12
5734 12
5735 1
5736 12
5737 12
5738 12
5739 18
5740 12
5741 12
5742 12
5743 12
5744 18
5745 12
5746 0
5747 12
5748 1
5749 12
5750 7
5751 12
5752 18
5753 12
5754 17
5755 12
5756 18
5757 12
5758 1
5759 15
5760 17
5761 12
5762 12
5763 1
5764 18
5765 1
5766 1
5767 12
5768 12
5769 12
5770 12
5771 1
5772 12
5773 12
5774 12
5775 12
5776 18
5777 6
5778 13
5779 12
5780 12
5781 12
5782 12
5783 1
5784 12
5785 12
5786 12
5787 0
5788 12
5789 12
5790 1
5791 12
5792 12
5793 18
5794 12
5795 1
5796 12
5797 1
5798 12
5799 12
5800 12
5801 12
5802 12
5803 1
5804 1
5805 1
5806 12
5807 1
5808 3
5809 12
5810 12
5811 12
5812 12
5813 12
5814 3
5815 12
5816 12
5817 12
5818 12
5819 12
5820 12
5821 12
5822 12
5823 1
5824 12
5825 12
5826 12
5827 12
5828 9
5829 1
5830 1
5831 12
5832 12
5833 12
5834 12
5835 12
5836 19
5837 17
5838 18
5839 12
5840 12
5841 8
5842 12
5843 12
5844 19
5845 1
5846 1
5847 12
5848 12
5849 1
5850 12
5851 1
5852 1
5853 12
5854 1
5855 1
5856 12
5857 12
5858 12
5859 1
5860 1
5861 18
5862 12
5863 1
5864 3
5865 12
5866 12
5867 12
5868 1
5869 12
5870 12
5871 18
5872 1
5873 12
5874 18
5875 12
5876 1
5877 12
5878 12
5879 12
5880 1
5881 18
5882 17
5883 9
5884 12
5885 12
5886 6
5887 12
5888 12
5889 1
5890 12
5891 18
5892 12
5893 12
5894 12
5895 12
5896 12
5897 1
5898 12
5899 12
5900 12
5901 1
5902 12
5903 12
5904 12
5905 12
5906 1
5907 12
5908 12
5909 12
5910 18
5911 1
5912 12
5913 1
5914 12
5915 12
5916 1
5917 12
5918 12
5919 11
5920 12
5921 4
5922 12
5923 12
5924 18
5925 12
5926 12
5927 12
5928 12
5929 7
5930 12
5931 12
5932 12
5933 12
5934 12
5935 19
5936 12
5937 12
5938 12
5939 12
5940 1
5941 1
5942 12
5943 12
5944 1
5945 12
5946 12
5947 12
5948 1
5949 18
5950 1
5951 12
5952 12
5953 12
5954 1
5955 12
5956 12
5957 12
5958 9
5959 12
5960 12
5961 1
5962 1
5963 12
5964 12
5965 2
5966 12
5967 12
5968 1
5969 12
5970 12
5971 12
5972 1
5973 1
5974 12
5975 12
5976 1
5977 18
5978 12
5979 5
5980 12
5981 1
5982 1
5983 12
5984 12
5985 12
5986 3
5987 12
5988 12
5989 3
5990 2
5991 1
5992 12
5993 1
5994 5
5995 12
5996 12
5997 1
5998 12
5999 12
6000 12
6001 1
6002 12
6003 18
6004 12
6005 1
6006 12
6007 0
6008 12
6009 17
6010 12
6011 12
6012 1
6013 12
6014 1
6015 19
6016 12
6017 12
6018 18
6019 12
6020 12
6021 1
6022 12
6023 10
6024 12
6025 12
6026 12
6027 12
6028 1
6029 1
6030 1
6031 10
6032 11
6033 1
6034 1
6035 12
6036 1
6037 12
6038 12
6039 1
6040 12
6041 1
6042 1
6043 12
6044 12
6045 1
6046 18
6047 12
6048 12
6049 4
6050 1
6051 12
6052 12
6053 12
6054 12
6055 1
6056 12
6057 12
6058 12
6059 1
6060 12
6061 1
6062 1
6063 12
6064 12
6065 3
6066 1
6067 12
6068 12
6069 12
6070 12
6071 12
6072 12
6073 4
6074 1
6075 12
6076 12
6077 1
6078 12
6079 18
6080 12
6081 1
6082 12
6083 12
6084 1
6085 1
6086 18
6087 1
6088 12
6089 3
6090 12
6091 1
6092 12
6093 1
6094 12
6095 19
6096 12
6097 12
6098 1
6099 12
6100 12
6101 12
6102 12
6103 12
6104 17
6105 11
6106 7
6107 12
6108 1
6109 12
6110 12
6111 18
6112 12
6113 18
6114 18
6115 12
6116 9
6117 1
6118 12
6119 1
6120 12
6121 12
6122 12
6123 12
6124 17
6125 1
6126 1
6127 12
6128 12
6129 18
6130 12
6131 12
6132 12
6133 12
6134 18
6135 4
6136 12
6137 9
6138 18
6139 12
6140 18
6141 1
6142 12
6143 1
6144 12
6145 12
6146 12
6147 2
6148 1
6149 6
6150 12
6151 19
6152 12
6153 12
6154 19
6155 12
6156 1
6157 12
6158 2
6159 18
6160 12
6161 12
6162 12
6163 1
6164 12
6165 12
6166 12
6167 12
6168 12
6169 9
6170 1
6171 1
6172 1
6173 18
6174 12
6175 12
6176 12
6177 12
6178 12
6179 1
6180 19
6181 12
6182 12
6183 12
6184 12
6185 1
6186 12
6187 12
6188 4
6189 12
6190 18
6191 12
6192 12
6193 12
6194 9
6195 12
6196 12
6197 12
6198 12
6199 12
6200 1
6201 12
6202 1
6203 12
6204 12
6205 12
6206 12
6207 18
6208 12
6209 12
6210 12
6211 12
6212 12
6213 13
6214 1
6215 12
6216 12
6217 12
6218 12
6219 12
6220 12
6221 12
6222 12
6223 18
6224 1
6225 12
6226 12
6227 12
6228 12
6229 18
6230 12
6231 1
6232 12
6233 12
6234 12
6235 1
6236 1
6237 12
6238 1
6239 12
6240 12
6241 1
6242 1
6243 12
6244 1
6245 1
6246 12
6247 12
6248 1
6249 12
6250 18
6251 18
6252 1
6253 1
6254 1
6255 1
6256 18
6257 12
6258 12
6259 12
6260 1
6261 12
6262 12
6263 12
6264 12
6265 12
6266 8
6267 4
6268 1
6269 12
6270 12
6271 1
6272 12
6273 12
6274 12
6275 12
6276 12
6277 12
6278 18
6279 1
6280 9
6281 3
6282 12
6283 1
6284 12
6285 12
6286 1
6287 12
6288 12
6289 12
6290 1
6291 18
6292 5
6293 9
6294 1
6295 12
6296 12
6297 12
6298 1
6299 12
6300 1
6301 12
6302 12
6303 12
6304 7
6305 18
6306 12
6307 12
6308 12
6309 12
6310 18
6311 12
6312 12
6313 18
6314 12
6315 12
6316 1
6317 12
6318 12
6319 12
6320 12
6321 1
6322 7
6323 1
6324 12
6325 1
6326 12
6327 12
6328 12
6329 18
6330 1
6331 12
6332 1
6333 12
6334 18
6335 12
6336 1
6337 1
6338 6
6339 12
6340 12
6341 12
6342 1
6343 1
6344 12
6345 12
6346 12
6347 7
6348 12
6349 12
6350 12
6351 12
6352 1
6353 1
6354 0
6355 18
6356 12
6357 18
6358 12
6359 12
6360 8
6361 12
6362 12
6363 1
6364 12
6365 1
6366 12
6367 1
6368 12
6369 12
6370 18
6371 12
6372 12
6373 12
6374 1
6375 12
6376 12
6377 18
6378 18
6379 16
6380 12
6381 12
6382 12
6383 1
6384 1
6385 12
6386 12
6387 12
6388 12
6389 12
6390 12
6391 12
6392 1
6393 18
6394 1
6395 1
6396 12
6397 3
6398 1
6399 12
6400 12
6401 9
6402 1
6403 12
6404 12
6405 12
6406 1
6407 12
6408 12
6409 12
6410 6
6411 6
6412 12
6413 1
6414 12
6415 12
6416 12
6417 12
6418 12
6419 12
6420 12
6421 12
6422 12
6423 12
6424 12
6425 18
6426 12
6427 12
6428 12
6429 12
6430 12
6431 18
6432 12
6433 1
6434 12
6435 1
6436 17
6437 12
6438 1
6439 17
6440 12
6441 12
6442 18
6443 12
6444 12
6445 1
6446 12
6447 1
6448 12
6449 19
6450 12
6451 12
6452 12
6453 12
6454 12
6455 9
6456 12
6457 1
6458 1
6459 12
6460 6
6461 18
6462 12
6463 12
6464 12
6465 1
6466 12
6467 12
6468 1
6469 1
6470 12
6471 18
6472 12
6473 1
6474 10
6475 12
6476 12
6477 18
6478 12
6479 12
6480 12
6481 12
6482 12
6483 12
6484 12
6485 12
6486 18
6487 1
6488 1
6489 1
6490 12
6491 17
6492 12
6493 12
6494 1
6495 12
6496 12
6497 12
6498 1
6499 12
6500 2
6501 1
6502 12
6503 12
6504 1
6505 12
6506 12
6507 18
6508 12
6509 1
6510 12
6511 1
6512 1
6513 1
6514 1
6515 12
6516 1
6517 1
6518 1
6519 12
6520 12
6521 12
6522 12
6523 18
6524 12
6525 12
6526 12
6527 12
6528 12
6529 1
6530 12
6531 12
6532 0
6533 12
6534 9
6535 1
6536 6
6537 12
6538 12
6539 12
6540 1
6541 3
6542 12
6543 12
6544 12
6545 12
6546 12
6547 12
6548 12
6549 12
6550 1
6551 1
6552 12
6553 1
6554 12
6555 12
6556 9
6557 12
6558 12
6559 12
6560 12
6561 1
6562 12
6563 12
6564 12
6565 12
6566 12
6567 12
6568 18
6569 12
6570 12
6571 1
6572 12
6573 9
6574 12
6575 12
6576 1
6577 12
6578 18
6579 12
6580 12
6581 12
6582 12
6583 19
6584 12
6585 12
6586 12
6587 12
6588 12
6589 12
6590 1
6591 12
6592 1
6593 12
6594 12
6595 12
6596 12
6597 12
6598 12
6599 13
6600 17
6601 1
6602 19
6603 12
6604 1
6605 12
6606 12
6607 12
6608 12
6609 12
6610 1
6611 12
6612 1
6613 12
6614 1
6615 1
6616 12
6617 12
6618 18
6619 1
6620 12
6621 12
6622 12
6623 19
6624 1
6625 12
6626 12
6627 1
6628 12
6629 12
6630 12
6631 18
6632 12
6633 1
6634 12
6635 12
6636 12
6637 12
6638 3
6639 19
6640 19
6641 7
6642 12
6643 12
6644 12
6645 12
6646 19
6647 12
6648 12
6649 12
6650 12
6651 1
6652 3
6653 12
6654 1
6655 12
6656 1
6657 1
6658 12
6659 12
6660 1
6661 12
6662 12
6663 1
6664 12
6665 12
6666 12
6667 12
6668 12
6669 13
6670 18
6671 12
6672 1
6673 12
6674 12
6675 17
6676 18
6677 12
6678 17
6679 12
6680 12
6681 1
6682 18
6683 1
6684 12
6685 1
6686 12
6687 17
6688 12
6689 1
6690 12
6691 1
6692 12
6693 12
6694 12
6695 12
6696 12
6697 19
6698 12
6699 1
6700 18
6701 17
6702 12
6703 9
6704 12
6705 3
6706 12
6707 12
6708 1
6709 12
6710 12
6711 3
6712 9
6713 17
6714 1
6715 1
6716 12
6717 12
6718 12
6719 12
6720 12
6721 12
6722 12
6723 18
6724 18
6725 1
6726 12
6727 1
6728 1
6729 12
6730 12
6731 1
6732 12
6733 1
6734 12
6735 12
6736 1
6737 12
6738 12
6739 18
6740 1
6741 1
6742 12
6743 12
6744 12
6745 12
6746 7
6747 6
6748 12
6749 12
6750 1
6751 1
6752 12
6753 12
6754 12
6755 12
6756 12
6757 12
6758 3
6759 12
6760 12
6761 1
6762 1
6763 12
6764 11
6765 12
6766 12
6767 1
6768 1
6769 12
6770 1
6771 1
6772 8
6773 12
6774 0
6775 12
6776 12
6777 12
6778 4
6779 12
6780 12
6781 3
6782 12
6783 12
6784 12
6785 12
6786 12
6787 12
6788 1
6789 12
6790 12
6791 12
6792 12
6793 1
6794 12
6795 1
6796 1
6797 1
6798 12
6799 9
6800 12
6801 9
6802 12
6803 11
6804 18
6805 18
6806 12
6807 12
6808 1
6809 12
6810 12
6811 1
6812 12
6813 12
6814 12
6815 12
6816 12
6817 12
6818 1
6819 12
6820 1
6821 12
6822 12
6823 12
6824 12
6825 12
6826 12
6827 1
6828 12
6829 12
6830 1
6831 1
6832 12
6833 1
6834 12
6835 12
6836 3
6837 12
6838 12
6839 1
6840 1
6841 1
6842 12
6843 12
6844 12
6845 12
6846 12
6847 12
6848 12
6849 12
6850 12
6851 1
6852 12
6853 12
6854 12
6855 12
6856 12
6857 12
6858 1
6859 9
6860 12
6861 12
6862 12
6863 12
6864 18
6865 12
6866 12
6867 12
6868 12
6869 18
6870 12
6871 9
6872 1
6873 12
6874 12
6875 19
6876 12
6877 1
6878 12
6879 18
6880 12
6881 1
6882 2
6883 12
6884 19
6885 1
6886 12
6887 12
6888 12
6889 1
6890 1
6891 1
6892 1
6893 3
6894 1
6895 10
6896 12
6897 8
6898 2
6899 1
6900 1
6901 12
6902 12
6903 12
6904 12
6905 12
6906 12
6907 12
6908 18
6909 12
6910 10
6911 3
6912 12
6913 0
6914 12
6915 18
6916 1
6917 12
6918 18
6919 12
6920 18
6921 12
6922 12
6923 1
6924 11
6925 12
6926 12
6927 12
6928 19
6929 9
6930 1
6931 12
6932 18
6933 12
6934 12
6935 19
6936 12
6937 12
6938 1
6939 1
6940 12
6941 12
6942 12
6943 1
6944 1
6945 12
6946 1
6947 1
6948 12
6949 12
6950 12
6951 16
6952 18
6953 1
6954 1
6955 12
6956 12
6957 12
6958 12
6959 12
6960 12
6961 0
6962 12
6963 4
6964 12
6965 12
6966 12
6967 12
6968 12
6969 18
6970 12
6971 12
6972 1
6973 18
6974 12
6975 12
6976 1
6977 1
6978 5
6979 1
6980 1
6981 12
6982 1
6983 12
6984 18
6985 12
6986 12
6987 12
6988 12
6989 2
6990 12
6991 12
6992 12
6993 1
6994 12
6995 12
6996 9
6997 1
6998 12
6999 1
7000 12
7001 12
7002 12
7003 16
7004 18
7005 1
7006 1
7007 12
7008 1
7009 12
7010 12
7011 12
7012 12
7013 18
7014 1
7015 18
7016 12
7017 1
7018 4
7019 18
7020 12
7021 6
7022 1
7023 12
7024 1
7025 12
7026 1
7027 12
7028 12
7029 12
7030 1
7031 12
7032 12
7033 12
7034 12
7035 2
7036 12
7037 12
7038 1
7039 12
7040 19
7041 12
7042 12
7043 12
7044 12
7045 3
7046 12
7047 12
7048 1
7049 12
7050 12
7051 2
7052 12
7053 12
7054 12
7055 1
7056 12
7057 1
7058 12
7059 12
7060 1
7061 2
7062 18
7063 12
7064 1
7065 1
7066 17
7067 12
7068 12
7069 19
7070 1
7071 12
7072 12
7073 1
7074 12
7075 12
7076 18
7077 18
7078 12
7079 12
7080 12
7081 12
7082 1
7083 12
7084 9
7085 12
7086 12
7087 12
7088 1
7089 12
7090 12
7091 12
7092 12
7093 12
7094 12
7095 12
7096 17
7097 1
7098 12
7099 12
7100 12
7101 12
7102 1
7103 17
7104 12
7105 12
7106 1
7107 12
7108 14
7109 12
7110 1
7111 1
7112 12
7113 12
7114 12
7115 8
7116 1
7117 12
7118 0
7119 1
7120 17
7121 12
7122 12
7123 12
7124 0
7125 12
7126 1
7127 18
7128 12
7129 12
7130 18
7131 12
7132 12
7133 12
7134 14
7135 1
7136 18
7137 1
7138 18
7139 12
7140 12
7141 12
7142 12
7143 12
7144 1
7145 12
7146 1
7147 1
7148 12
7149 12
7150 12
7151 18
7152 1
7153 12
7154 12
7155 12
7156 12
7157 1
7158 12
7159 1
7160 12
7161 12
7162 1
7163 7
7164 1
7165 12
7166 18
7167 12
7168 12
7169 1
7170 12
7171 1
7172 1
7173 12
7174 12
7175 12
7176 12
7177 1
7178 1
7179 12
7180 12
7181 12
7182 1
7183 12
7184 2
7185 12
7186 12
7187 1
7188 12
7189 1
7190 1
7191 12
7192 18
7193 12
7194 1
7195 12
7196 18
7197 1
7198 12
7199 12
7200 12
7201 12
7202 12
7203 12
7204 18
7205 1
7206 12
7207 12
7208 12
7209 1
7210 1
7211 1
7212 12
7213 14
7214 12
7215 12
7216 12
7217 12
7218 12
7219 1
7220 1
7221 12
7222 12
7223 1
7224 12
7225 12
7226 12
7227 12
7228 18
7229 1
7230 1
7231 1
7232 12
7233 12
7234 12
7235 12
7236 12
7237 19
7238 12
7239 12
7240 18
7241 1
7242 12
7243 1
7244 12
7245 1
7246 1
7247 12
7248 1
7249 12
7250 1
7251 12
7252 1
7253 12
7254 12
7255 12
7256 12
7257 12
7258 12
7259 12
7260 18
7261 18
7262 17
7263 1
7264 12
7265 18
7266 1
7267 12
7268 2
7269 12
7270 12
7271 12
7272 12
7273 12
7274 9
7275 19
7276 12
7277 12
7278 12
7279 12
7280 12
7281 12
7282 12
7283 12
7284 12
7285 18
7286 12
7287 12
7288 1
7289 12
7290 1
7291 12
7292 12
7293 18
7294 12
7295 12
7296 18
7297 12
7298 12
7299 12
7300 1
7301 12
7302 12
7303 12
7304 12
7305 1
7306 12
7307 1
7308 12
7309 19
7310 12
7311 17
7312 12
7313 12
7314 7
7315 12
7316 12
7317 2
7318 12
7319 12
7320 12
7321 1
7322 12
7323 1
7324 18
7325 12
7326 12
7327 12
7328 1
7329 12
7330 18
7331 12
7332 12
7333 1
7334 18
7335 12
7336 12
7337 1
7338 6
7339 18
7340 18
7341 12
7342 12
7343 3
7344 12
7345 12
7346 18
7347 1
7348 1
7349 19
7350 12
7351 12
7352 12
7353 12
7354 12
7355 9
7356 12
7357 12
7358 1
7359 12
7360 12
7361 12
7362 0
7363 1
7364 9
7365 12
7366 12
7367 12
7368 1
7369 18
7370 12
7371 12
7372 3
7373 15
7374 12
7375 12
7376 12
7377 1
7378 1
7379 18
7380 12
7381 4
7382 12
7383 12
7384 11
7385 12
7386 12
7387 12
7388 12
7389 1
7390 12
7391 12
7392 12
7393 12
7394 12
7395 12
7396 1
7397 1
7398 12
7399 12
7400 1
7401 12
7402 12
7403 12
7404 1
7405 9
7406 12
7407 12
7408 12
7409 1
7410 12
7411 12
7412 12
7413 18
7414 1
7415 12
7416 12
7417 12
7418 1
7419 18
7420 18
7421 12
7422 12
7423 12
7424 12
7425 9
7426 12
7427 12
7428 1
7429 12
7430 1
7431 5
7432 12
7433 12
7434 12
7435 12
7436 1
7437 1
7438 12
7439 18
7440 1
7441 1
7442 12
7443 12
7444 6
7445 12
7446 0
7447 1
7448 12
7449 12
7450 12
7451 12
7452 12
7453 18
7454 12
7455 12
7456 12
7457 12
7458 12
7459 7
7460 12
7461 12
7462 12
7463 12
7464 1
7465 18
7466 1
7467 12
7468 1
7469 12
7470 12
7471 12
7472 1
7473 12
7474 12
7475 12
7476 19
7477 12
7478 12
7479 12
7480 19
7481 12
7482 12
7483 1
7484 12
7485 12
7486 12
7487 12
7488 12
7489 1
7490 12
7491 18
7492 12
7493 12
7494 12
7495 12
7496 15
7497 12
7498 1
7499 12
7500 12
7501 12
7502 12
7503 18
7504 12
7505 19
7506 12
7507 12
7508 12
7509 1
7510 12
7511 18
7512 17
7513 12
7514 12
7515 18
7516 12
7517 12
7518 1
7519 1
7520 18
7521 12
7522 12
7523 12
7524 12
7525 12
7526 12
7527 1
7528 12
7529 12
7530 12
7531 12
7532 1
7533 14
7534 18
7535 1
7536 18
7537 1
7538 12
7539 12
7540 6
7541 12
7542 12
7543 1
7544 1
7545 12
7546 1
7547 12
7548 18
7549 12
7550 8
7551 12
7552 12
7553 18
7554 12
7555 1
7556 12
7557 12
7558 1
7559 12
7560 12
7561 12
7562 12
7563 12
7564 12
7565 1
7566 12
7567 12
7568 12
7569 12
7570 12
7571 12
7572 12
7573 1
7574 12
7575 12
7576 12
7577 12
7578 12
7579 12
7580 12
7581 19
7582 12
7583 12
7584 1
7585 12
7586 12
7587 12
7588 12
7589 1
7590 12
7591 1
7592 4
7593 12
7594 1
7595 12
7596 12
7597 1
7598 1
7599 12
7600 18
7601 12
7602 1
7603 12
7604 12
7605 19
7606 18
7607 12
7608 12
7609 12
7610 12
7611 12
7612 12
7613 1
7614 12
7615 12
7616 12
7617 18
7618 12
7619 12
7620 12
7621 12
7622 12
7623 12
7624 12
7625 12
7626 11
7627 12
7628 1
7629 18
7630 12
7631 12
7632 1
7633 3
7634 12
7635 12
7636 12
7637 12
7638 12
7639 1
7640 12
7641 12
7642 12
7643 1
7644 12
7645 1
7646 12
7647 12
7648 1
7649 12
7650 1
7651 12
7652 12
7653 1
7654 12
7655 12
7656 1
7657 1
7658 12
7659 18
7660 12
7661 12
7662 12
7663 1
7664 12
7665 12
7666 12
7667 12
7668 3
7669 12
7670 12
7671 12
7672 12
7673 1
7674 1
7675 1
7676 1
7677 12
7678 12
7679 12
7680 12
7681 18
7682 12
7683 12
7684 12
7685 12
7686 12
7687 1
7688 1
7689 12
7690 12
7691 1
7692 17
7693 12
7694 1
7695 1
7696 1
7697 12
7698 1
7699 1
7700 18
7701 18
7702 12
7703 12
7704 3
7705 1
7706 16
7707 9
7708 1
7709 12
7710 7
7711 1
7712 12
7713 12
7714 12
7715 1
7716 12
7717 12
7718 4
7719 12
7720 12
7721 12
7722 1
7723 12
7724 12
7725 12
7726 12
7727 12
7728 12
7729 19
7730 1
7731 12
7732 12
7733 1
7734 18
7735 12
7736 12
7737 12
7738 12
7739 12
7740 1
7741 0
7742 12
7743 1
7744 12
7745 12
7746 18
7747 18
7748 3
7749 12
7750 12
7751 1
7752 12
7753 1
7754 12
7755 1
7756 12
7757 1
7758 18
7759 12
7760 12
7761 12
7762 12
7763 1
7764 18
7765 12
7766 12
7767 1
7768 12
7769 9
7770 1
7771 12
7772 12
7773 12
7774 1
7775 12
7776 12
7777 1
7778 9
7779 12
7780 18
7781 19
7782 19
7783 18
7784 12
7785 12
7786 1
7787 12
7788 1
7789 12
7790 12
7791 9
7792 9
7793 12
7794 12
7795 12
7796 12
7797 1
7798 18
7799 19
7800 12
7801 1
7802 9
7803 1
7804 2
7805 18
7806 12
7807 1
7808 12
7809 12
7810 12
7811 12
7812 17
7813 12
7814 12
7815 12
7816 12
7817 12
7818 12
7819 19
7820 18
7821 9
7822 12
7823 18
7824 18
7825 1
7826 1
7827 12
7828 12
7829 12
7830 18
7831 1
7832 12
7833 12
7834 12
7835 18
7836 12
7837 12
7838 1
7839 1
7840 18
7841 4
7842 12
7843 19
7844 12
7845 18
7846 12
7847 12
7848 12
7849 12
7850 1
7851 1
7852 9
7853 12
7854 19
7855 12
7856 1
7857 12
7858 12
7859 1
7860 12
7861 12
7862 18
7863 17
7864 12
7865 1
7866 12
7867 12
7868 18
7869 18
7870 1
7871 1
7872 9
7873 12
7874 12
7875 12
7876 18
7877 1
7878 19
7879 12
7880 17
7881 12
7882 1
7883 18
7884 1
7885 5
7886 12
7887 12
7888 12
7889 18
7890 1
7891 12
7892 1
7893 12
7894 2
7895 12
7896 1
7897 1
7898 1
7899 12
7900 1
7901 1
7902 1
7903 12
7904 18
7905 1
7906 12
7907 12
7908 12
7909 1
7910 12
7911 19
7912 12
7913 1
7914 12
7915 17
7916 12
7917 18
7918 12
7919 12
7920 1
7921 12
7922 2
7923 12
7924 12
7925 12
7926 12
7927 12
7928 12
7929 1
7930 1
7931 12
7932 1
7933 12
7934 12
7935 18
7936 12
7937 12
7938 12
7939 12
7940 1
7941 12
7942 1
7943 12
7944 1
7945 12
7946 12
7947 12
7948 12
7949 12
7950 12
7951 19
7952 12
7953 1
7954 12
7955 12
7956 12
7957 1
7958 12
7959 12
7960 7
7961 12
7962 12
7963 12
7964 17
7965 12
7966 12
7967 12
7968 1
7969 1
7970 12
7971 12
7972 12
7973 12
7974 12
7975 12
7976 12
7977 18
7978 12
7979 12
7980 17
7981 18
7982 12
7983 6
7984 12
7985 1
7986 12
7987 1
7988 1
7989 12
7990 1
7991 12
7992 12
7993 12
7994 12
7995 12
7996 12
7997 12
7998 1
7999 1
8000 12
8001 12
8002 1
8003 12
8004 12
8005 1
8006 1
8007 12
8008 12
8009 17
8010 12
8011 12
8012 12
8013 12
8014 1
8015 12
8016 12
8017 12
8018 1
8019 1
8020 9
8021 12
8022 1
8023 1
8024 1
8025 1
8026 12
8027 12
8028 12
8029 12
8030 1
8031 18
8032 12
8033 12
8034 1
8035 12
8036 12
8037 12
8038 3
8039 12
8040 1
8041 12
8042 1
8043 12
8044 19
8045 12
8046 18
8047 12
8048 12
8049 9
8050 12
8051 12
8052 12
8053 1
8054 12
8055 12
8056 12
8057 1
8058 6
8059 12
8060 19
8061 12
8062 12
8063 9
8064 12
8065 12
8066 12
8067 12
8068 12
8069 12
8070 12
8071 12
8072 17
8073 1
8074 1
8075 18
8076 1
8077 12
8078 12
8079 12
8080 12
8081 12
8082 1
8083 1
8084 9
8085 18
8086 9
8087 12
8088 12
8089 10
8090 12
8091 1
8092 12
8093 12
8094 0
8095 18
8096 12
8097 1
8098 12
8099 18
8100 19
8101 1
8102 12
8103 12
8104 12
8105 18
8106 17
8107 12
8108 1
8109 12
8110 1
8111 1
8112 4
8113 12
8114 12
8115 12
8116 1
8117 12
8118 12
8119 18
8120 1
8121 1
8122 12
8123 12
8124 12
8125 12
8126 12
8127 9
8128 12
8129 12
8130 12
8131 1
8132 12
8133 17
8134 12
8135 1
8136 12
8137 19
8138 19
8139 1
8140 7
8141 12
8142 12
8143 1
8144 1
8145 12
8146 12
8147 12
8148 12
8149 12
8150 17
8151 12
8152 18
8153 1
8154 12
8155 12
8156 12
8157 18
8158 12
8159 1
8160 12
8161 1
8162 12
8163 1
8164 18
8165 12
8166 9
8167 12
8168 1
8169 12
8170 12
8171 12
8172 12
8173 1
8174 12
8175 12
8176 12
8177 7
8178 17
8179 1
8180 14
8181 17
8182 18
8183 18
8184 12
8185 14
8186 12
8187 12
8188 12
8189 12
8190 12
8191 18
8192 12
8193 12
8194 12
8195 3
8196 12
8197 12
8198 12
8199 18
8200 12
8201 12
8202 12
8203 6
8204 1
8205 12
8206 19
8207 12
8208 1
8209 12
8210 12
8211 1
8212 12
8213 2
8214 12
8215 17
8216 12
8217 12
8218 1
8219 12
8220 0
8221 12
8222 12
8223 12
8224 18
8225 12
8226 12
8227 12
8228 12
8229 12
8230 16
8231 9
8232 12
8233 12
8234 12
8235 18
8236 12
8237 1
8238 1
8239 1
8240 12
8241 1
8242 17
8243 12
8244 12
8245 12
8246 1
8247 17
8248 12
8249 12
8250 12
8251 12
8252 1
8253 12
8254 1
8255 9
8256 12
8257 1
8258 12
8259 12
8260 1
8261 1
8262 9
8263 1
8264 12
8265 12
8266 18
8267 1
8268 18
8269 15
8270 12
8271 12
8272 12
8273 19
8274 12
8275 12
8276 12
8277 12
8278 1
8279 1
8280 12
8281 1
8282 1
8283 12
8284 18
8285 12
8286 19
8287 12
8288 12
8289 12
8290 1
8291 18
8292 12
8293 12
8294 1
8295 1
8296 1
8297 17
8298 19
8299 1
8300 12
8301 12
8302 7
8303 12
8304 12
8305 12
8306 18
8307 12
8308 18
8309 12
8310 12
8311 2
8312 12
8313 19
8314 18
8315 8
8316 1
8317 12
8318 12
8319 12
8320 12
8321 19
8322 2
8323 19
8324 12
8325 19
8326 12
8327 12
8328 12
8329 18
8330 12
8331 19
8332 12
8333 12
8334 1
8335 1
8336 1
8337 12
8338 12
8339 12
8340 18
8341 12
8342 18
8343 19
8344 1
8345 12
8346 18
8347 12
8348 12
8349 19
8350 12
8351 12
8352 12
8353 1
8354 12
8355 1
8356 1
8357 17
8358 12
8359 12
8360 14
8361 9
8362 12
8363 12
8364 12
8365 7
8366 12
8367 1
8368 12
8369 12
8370 1
8371 12
8372 3
8373 12
8374 1
8375 12
8376 12
8377 12
8378 12
8379 12
8380 18
8381 12
8382 1
8383 12
8384 12
8385 19
8386 3
8387 12
8388 12
8389 12
8390 12
8391 12
8392 1
8393 12
8394 1
8395 18
8396 12
8397 1
8398 12
8399 12
8400 1
8401 12
8402 12
8403 12
8404 12
8405 12
8406 11
8407 12
8408 12
8409 12
8410 1
8411 12
8412 12
8413 12
8414 1
8415 12
8416 12
8417 1
8418 1
8419 18
8420 18
8421 6
8422 12
8423 12
8424 1
8425 12
8426 12
8427 6
8428 1
8429 12
8430 18
8431 12
8432 12
8433 1
8434 12
8435 18
8436 12
8437 12
8438 12
8439 12
8440 12
8441 12
8442 1
8443 17
8444 12
8445 0
8446 12
8447 18
8448 12
8449 12
8450 12
8451 12
8452 12
8453 18
8454 1
8455 12
8456 1
8457 6
8458 12
8459 12
8460 18
8461 1
8462 12
8463 12
8464 12
8465 12
8466 1
8467 12
8468 18
8469 12
8470 1
8471 1
8472 12
8473 12
8474 1
8475 3
8476 12
8477 12
8478 12
8479 18
8480 12
8481 14
8482 18
8483 1
8484 1
8485 12
8486 1
8487 12
8488 1
8489 12
8490 12
8491 12
8492 18
8493 0
8494 9
8495 12
8496 12
8497 12
8498 12
8499 12
8500 12
8501 12
8502 12
8503 1
8504 12
8505 12
8506 1
8507 18
8508 9
8509 1
8510 12
8511 1
8512 12
8513 1
8514 12
8515 18
8516 1
8517 5
8518 1
8519 12
8520 12
8521 12
8522 1
8523 12
8524 12
8525 1
8526 11
8527 12
8528 1
8529 2
8530 12
8531 12
8532 12
8533 1
8534 12
8535 18
8536 12
8537 2
8538 1
8539 12
8540 1
8541 12
8542 18
8543 12
8544 1
8545 12
8546 12
8547 12
8548 1
8549 12
8550 12
8551 12
8552 18
8553 12
8554 12
8555 18
8556 12
8557 12
8558 18
8559 12
8560 2
8561 12
8562 1
8563 12
8564 12
8565 12
8566 1
8567 12
8568 18
8569 18
8570 18
8571 1
8572 1
8573 12
8574 12
8575 12
8576 6
8577 19
8578 12
8579 3
8580 12
8581 12
8582 9
8583 12
8584 12
8585 12
8586 17
8587 12
8588 1
8589 1
8590 12
8591 12
8592 12
8593 1
8594 2
8595 12
8596 12
8597 1
8598 18
8599 1
8600 12
8601 1
8602 12
8603 1
8604 12
8605 12
8606 1
8607 12
8608 12
8609 18
8610 12
8611 1
8612 12
8613 12
8614 12
8615 12
8616 12
8617 12
8618 1
8619 12
8620 12
8621 12
8622 12
8623 12
8624 1
8625 1
8626 12
8627 12
8628 18
8629 12
8630 12
8631 1
8632 12
8633 1
8634 19
8635 12
8636 12
8637 18
